# CSFSET pair-eval oracle -- frozen from the sub-DRT path (cb8a3f3).
# Generated by c/tests/gen_csfset_oracle.c. Committed files are the
# oracle; see reference_csfset/README. case O1
norb 4
ncsfs 20
csf 0  0 0 3 3
csf 1  0 1 2 3
csf 2  0 1 3 2
csf 3  0 3 0 3
csf 4  0 3 1 2
csf 5  0 3 3 0
csf 6  1 0 2 3
csf 7  1 0 3 2
csf 8  1 1 2 2
csf 9  1 2 0 3
csf 10  1 2 1 2
csf 11  1 2 3 0
csf 12  1 3 0 2
csf 13  1 3 2 0
csf 14  3 0 0 3
csf 15  3 0 1 2
csf 16  3 0 3 0
csf 17  3 1 0 2
csf 18  3 1 2 0
csf 19  3 3 0 0
which full
nterms 706
# bra_pos ket_pos ij pqrs coef
0 0 0 5 +2.0000000000000004e+00
0 0 0 9 +2.0000000000000004e+00
0 0 0 30 +1.0000000000000000e+00
0 0 0 54 -2.0000000000000004e+00
0 0 0 60 +4.0000000000000009e+00
0 0 0 64 +1.0000000000000000e+00
0 1 1 4 -1.4142135623730949e+00
0 2 3 7 -1.4142135623730945e+00
0 6 21 3 -1.4142135623730945e+00
0 7 28 6 -1.4142135623730943e+00
1 0 1 4 -1.4142135623730945e+00
1 0 1 29 -1.4142135623730943e+00
1 0 1 53 +1.4142135623730945e+00
1 0 1 59 -2.8284271247461890e+00
1 1 2 2 +9.9999999999999967e-01
1 1 2 5 +1.0000000000000000e+00
1 1 2 9 +2.0000000000000004e+00
1 1 2 24 +9.9999999999999956e-01
1 1 2 27 +9.9999999999999956e-01
1 1 2 45 -9.9999999999999967e-01
1 1 2 54 -1.0000000000000000e+00
1 1 2 57 +1.9999999999999993e+00
1 1 2 60 +2.0000000000000000e+00
1 1 2 64 +1.0000000000000000e+00
1 2 4 8 -9.9999999999999933e-01
1 3 7 4 -1.4142135623730945e+00
1 4 11 7 -9.9999999999999967e-01
1 6 22 1 +9.9999999999999967e-01
1 8 37 6 -1.2247448713915878e+00
1 9 46 3 +9.9999999999999900e-01
1 10 56 6 +7.0710678118654702e-01
2 0 3 7 -1.4142135623730940e+00
2 0 3 43 -2.8284271247461881e+00
2 0 3 50 +1.4142135623730940e+00
2 0 3 62 -1.4142135623730938e+00
2 1 4 8 -9.9999999999999956e-01
2 1 4 42 +1.9999999999999978e+00
2 1 4 48 -9.9999999999999900e-01
2 1 4 51 -9.9999999999999922e-01
2 1 4 63 -9.9999999999999933e-01
2 2 5 2 +9.9999999999999967e-01
2 2 5 5 +1.9999999999999996e+00
2 2 5 9 +1.0000000000000000e+00
2 2 5 24 -9.9999999999999933e-01
2 2 5 27 +1.9999999999999987e+00
2 2 5 30 +9.9999999999999967e-01
2 2 5 45 +9.9999999999999889e-01
2 2 5 54 -9.9999999999999967e-01
2 2 5 57 +9.9999999999999922e-01
2 2 5 60 +1.9999999999999993e+00
2 3 8 50 +1.4142135623730940e+00
2 4 12 4 -9.9999999999999967e-01
2 5 17 7 -1.4142135623730940e+00
2 6 23 41 +1.9999999999999978e+00
2 6 23 47 -9.9999999999999900e-01
2 7 30 1 +9.9999999999999967e-01
2 8 38 3 +1.2247448713915881e+00
2 9 47 49 -9.9999999999999878e-01
2 10 57 3 +7.0710678118654691e-01
2 11 68 6 +9.9999999999999878e-01
3 0 6 24 +1.0000000000000002e+00
3 1 7 4 -1.4142135623730949e+00
3 1 7 22 -1.4142135623730945e+00
3 1 7 53 +1.4142135623730949e+00
3 1 7 59 -2.8284271247461898e+00
3 3 9 2 +2.0000000000000004e+00
3 3 9 9 +2.0000000000000004e+00
3 3 9 15 +1.0000000000000000e+00
3 3 9 45 -2.0000000000000004e+00
3 3 9 57 +4.0000000000000009e+00
3 3 9 64 +1.0000000000000000e+00
3 4 13 8 -1.4142135623730949e+00
3 6 24 21 -1.4142135623730945e+00
3 9 48 1 -1.4142135623730949e+00
3 12 81 6 -1.4142135623730943e+00
4 0 10 42 +1.4142135623730945e+00
4 1 11 7 -9.9999999999999900e-01
4 1 11 40 -9.9999999999999889e-01
4 1 11 43 -9.9999999999999889e-01
4 1 11 50 +1.9999999999999973e+00
4 1 11 62 -9.9999999999999900e-01
4 2 12 4 -9.9999999999999967e-01
4 2 12 22 -9.9999999999999956e-01
4 2 12 29 -9.9999999999999956e-01
4 2 12 53 +1.9999999999999991e+00
4 2 12 59 -9.9999999999999956e-01
4 3 13 8 -1.4142135623730945e+00
4 3 13 42 +1.4142135623730945e+00
4 3 13 48 -2.8284271247461890e+00
4 3 13 63 -1.4142135623730943e+00
4 4 14 2 +2.0000000000000004e+00
4 4 14 5 +9.9999999999999967e-01
4 4 14 9 +1.0000000000000000e+00
4 4 14 15 +1.0000000000000000e+00
4 4 14 24 -9.9999999999999967e-01
4 4 14 27 +1.9999999999999993e+00
4 4 14 45 -9.9999999999999978e-01
4 4 14 54 +9.9999999999999956e-01
4 4 14 57 +1.9999999999999996e+00
4 4 14 60 +9.9999999999999956e-01
4 5 19 8 -1.4142135623730945e+00
4 6 25 39 -9.9999999999999889e-01
4 7 32 21 -9.9999999999999956e-01
4 9 49 41 -9.9999999999999933e-01
4 9 49 47 +1.9999999999999987e+00
4 10 59 1 -1.4142135623730949e+00
4 12 82 3 +9.9999999999999956e-01
4 13 95 6 +9.9999999999999889e-01
5 0 15 45 +1.0000000000000002e+00
5 1 16 53 +1.4142135623730949e+00
5 2 17 7 -1.4142135623730945e+00
5 2 17 40 -1.4142135623730943e+00
5 2 17 43 -2.8284271247461890e+00
5 2 17 50 +1.4142135623730945e+00
5 3 18 54 +1.0000000000000002e+00
5 4 19 8 -1.4142135623730949e+00
5 4 19 42 +1.4142135623730947e+00
5 4 19 48 -2.8284271247461894e+00
5 4 19 51 -1.4142135623730945e+00
5 5 20 2 +2.0000000000000004e+00
5 5 20 5 +2.0000000000000004e+00
5 5 20 15 +1.0000000000000000e+00
5 5 20 24 -2.0000000000000004e+00
5 5 20 27 +4.0000000000000009e+00
5 5 20 30 +1.0000000000000000e+00
5 7 33 39 -1.4142135623730943e+00
5 8 41 41 -1.7320508075688750e+00
5 10 60 41 -9.9999999999999956e-01
5 10 60 47 +1.9999999999999991e+00
5 11 71 1 -1.4142135623730949e+00
5 12 83 49 -1.4142135623730943e+00
5 13 96 3 -1.4142135623730945e+00
6 0 21 3 -1.4142135623730940e+00
6 0 21 28 -1.4142135623730938e+00
6 0 21 52 +1.4142135623730940e+00
6 0 21 58 -2.8284271247461881e+00
6 1 22 1 +9.9999999999999967e-01
6 1 22 23 +9.9999999999999956e-01
6 1 22 26 +9.9999999999999956e-01
6 1 22 44 -9.9999999999999967e-01
6 1 22 56 +1.9999999999999993e+00
6 6 27 0 +9.9999999999999967e-01
6 6 27 5 +1.0000000000000000e+00
6 6 27 9 +2.0000000000000004e+00
6 6 27 19 +9.9999999999999889e-01
6 6 27 25 +9.9999999999999922e-01
6 6 27 37 -9.9999999999999933e-01
6 6 27 54 -1.0000000000000000e+00
6 6 27 55 +1.9999999999999987e+00
6 6 27 60 +2.0000000000000000e+00
6 6 27 64 +1.0000000000000000e+00
6 7 34 8 -9.9999999999999933e-01
6 8 42 7 +1.2247448713915881e+00
6 9 51 4 +9.9999999999999956e-01
6 10 61 7 +7.0710678118654724e-01
6 14 111 3 -1.4142135623730940e+00
6 15 126 6 -9.9999999999999933e-01
7 0 28 6 -1.4142135623730936e+00
7 0 28 36 -2.8284271247461872e+00
7 0 28 49 +1.4142135623730936e+00
7 0 28 61 -1.4142135623730934e+00
7 1 29 35 +1.9999999999999978e+00
7 1 29 47 -9.9999999999999900e-01
7 2 30 1 +9.9999999999999967e-01
7 2 30 23 -9.9999999999999933e-01
7 2 30 26 +1.9999999999999987e+00
7 2 30 44 +9.9999999999999889e-01
7 2 30 56 +9.9999999999999922e-01
7 6 34 8 -9.9999999999999956e-01
7 6 34 34 +1.9999999999999969e+00
7 6 34 46 -9.9999999999999878e-01
7 6 34 51 -9.9999999999999922e-01
7 6 34 63 -9.9999999999999933e-01
7 7 35 0 +9.9999999999999967e-01
7 7 35 5 +1.9999999999999996e+00
7 7 35 9 +1.0000000000000000e+00
7 7 35 19 -9.9999999999999900e-01
7 7 35 25 +1.9999999999999980e+00
7 7 35 30 +9.9999999999999967e-01
7 7 35 37 +9.9999999999999833e-01
7 7 35 54 -9.9999999999999967e-01
7 7 35 55 +9.9999999999999889e-01
7 7 35 60 +1.9999999999999993e+00
7 8 43 4 -1.2247448713915883e+00
7 9 52 50 -9.9999999999999922e-01
7 10 62 4 +7.0710678118654713e-01
7 11 73 7 +9.9999999999999900e-01
7 14 112 49 +1.4142135623730936e+00
7 15 127 3 -9.9999999999999933e-01
7 16 143 6 -1.4142135623730936e+00
8 0 36 35 +1.7320508075688761e+00
8 0 36 41 -1.7320508075688761e+00
8 1 37 6 -1.2247448713915876e+00
8 1 37 33 -1.2247448713915874e+00
8 1 37 36 -1.2247448713915874e+00
8 1 37 39 +1.2247448713915885e+00
8 1 37 61 -1.2247448713915876e+00
8 2 38 3 +1.2247448713915881e+00
8 2 38 18 +1.2247448713915876e+00
8 2 38 21 -1.2247448713915889e+00
8 2 38 28 +1.2247448713915878e+00
8 2 38 58 +1.2247448713915878e+00
8 3 39 35 +1.7320508075688761e+00
8 4 40 23 -1.2247448713915892e+00
8 4 40 44 +1.2247448713915881e+00
8 6 42 7 +1.2247448713915874e+00
8 6 42 32 -1.2247448713915872e+00
8 6 42 38 +1.2247448713915867e+00
8 6 42 43 +1.2247448713915872e+00
8 6 42 62 +1.2247448713915874e+00
8 7 43 4 -1.2247448713915876e+00
8 7 43 17 +1.2247448713915874e+00
8 7 43 20 -1.2247448713915869e+00
8 7 43 29 -1.2247448713915876e+00
8 7 43 59 -1.2247448713915874e+00
8 8 44 0 +9.9999999999999967e-01
8 8 44 2 +1.0000000000000000e+00
8 8 44 5 +9.9999999999999956e-01
8 8 44 9 +1.0000000000000000e+00
8 8 44 12 -1.0000000000000004e+00
8 8 44 13 +9.9999999999999956e-01
8 8 44 19 +5.0000000000000144e-01
8 8 44 24 +5.0000000000000144e-01
8 8 44 25 +9.9999999999999889e-01
8 8 44 27 +9.9999999999999933e-01
8 8 44 37 +5.0000000000000089e-01
8 8 44 45 +5.0000000000000089e-01
8 8 44 54 -9.9999999999999967e-01
8 8 44 55 +9.9999999999999878e-01
8 8 44 57 +9.9999999999999922e-01
8 8 44 60 +9.9999999999999933e-01
8 9 53 34 -1.2247448713915876e+00
8 9 53 42 +1.2247448713915883e+00
8 10 63 19 +8.6602540378443849e-01
8 10 63 24 -8.6602540378443893e-01
8 10 63 37 -8.6602540378443771e-01
8 10 63 45 +8.6602540378443826e-01
8 12 86 4 -1.2247448713915876e+00
8 13 99 7 +1.2247448713915874e+00
8 14 113 41 -1.7320508075688761e+00
8 17 161 3 +1.2247448713915881e+00
8 18 179 6 -1.2247448713915876e+00
9 0 45 23 -1.4142135623730945e+00
9 1 46 3 +9.9999999999999967e-01
9 1 46 18 +9.9999999999999956e-01
9 1 46 21 +9.9999999999999956e-01
9 1 46 52 -9.9999999999999967e-01
9 1 46 58 +1.9999999999999993e+00
9 3 48 1 -1.4142135623730945e+00
9 3 48 14 -1.4142135623730943e+00
9 3 48 44 +1.4142135623730945e+00
9 3 48 56 -2.8284271247461890e+00
9 6 51 4 +9.9999999999999933e-01
9 6 51 17 +9.9999999999999878e-01
9 6 51 20 +9.9999999999999889e-01
9 6 51 53 -9.9999999999999933e-01
9 6 51 59 +1.9999999999999987e+00
9 9 54 0 +9.9999999999999967e-01
9 9 54 2 +1.0000000000000000e+00
9 9 54 9 +2.0000000000000004e+00
9 9 54 12 +9.9999999999999956e-01
9 9 54 13 +9.9999999999999956e-01
9 9 54 37 -9.9999999999999967e-01
9 9 54 45 -1.0000000000000000e+00
9 9 54 55 +1.9999999999999993e+00
9 9 54 57 +2.0000000000000000e+00
9 9 54 64 +1.0000000000000000e+00
9 10 64 8 -1.4142135623730949e+00
9 12 87 7 -9.9999999999999922e-01
9 14 114 1 -1.4142135623730945e+00
9 17 162 6 -9.9999999999999956e-01
10 0 55 35 -9.9999999999999900e-01
10 0 55 41 -9.9999999999999900e-01
10 1 56 6 +7.0710678118654680e-01
10 1 56 33 +7.0710678118654668e-01
10 1 56 36 +7.0710678118654668e-01
10 1 56 39 +7.0710678118654680e-01
10 1 56 49 -1.4142135623730934e+00
10 1 56 61 +7.0710678118654668e-01
10 2 57 3 +7.0710678118654724e-01
10 2 57 18 +7.0710678118654713e-01
10 2 57 21 +7.0710678118654702e-01
10 2 57 28 +7.0710678118654713e-01
10 2 57 52 -1.4142135623730943e+00
10 2 57 58 +7.0710678118654713e-01
10 3 58 35 -9.9999999999999900e-01
10 3 58 47 +1.9999999999999980e+00
10 4 59 1 -1.4142135623730945e+00
10 4 59 14 -1.4142135623730943e+00
10 4 59 23 +7.0710678118654691e-01
10 4 59 26 -1.4142135623730938e+00
10 4 59 44 +7.0710678118654702e-01
10 4 59 56 -1.4142135623730940e+00
10 6 61 7 +7.0710678118654657e-01
10 6 61 32 +7.0710678118654635e-01
10 6 61 38 +7.0710678118654624e-01
10 6 61 43 +7.0710678118654646e-01
10 6 61 50 -1.4142135623730929e+00
10 6 61 62 +7.0710678118654646e-01
10 7 62 4 +7.0710678118654702e-01
10 7 62 17 +7.0710678118654680e-01
10 7 62 20 +7.0710678118654668e-01
10 7 62 29 +7.0710678118654691e-01
10 7 62 53 -1.4142135623730938e+00
10 7 62 59 +7.0710678118654691e-01
10 9 64 8 -1.4142135623730945e+00
10 9 64 34 +7.0710678118654691e-01
10 9 64 42 +7.0710678118654713e-01
10 9 64 46 -1.4142135623730938e+00
10 9 64 48 -1.4142135623730943e+00
10 9 64 63 -1.4142135623730943e+00
10 10 65 0 +9.9999999999999967e-01
10 10 65 2 +1.0000000000000000e+00
10 10 65 5 +9.9999999999999967e-01
10 10 65 9 +1.0000000000000000e+00
10 10 65 12 +9.9999999999999956e-01
10 10 65 13 +9.9999999999999956e-01
10 10 65 19 -4.9999999999999961e-01
10 10 65 24 -4.9999999999999978e-01
10 10 65 25 +9.9999999999999922e-01
10 10 65 27 +9.9999999999999956e-01
10 10 65 37 -4.9999999999999967e-01
10 10 65 45 -4.9999999999999983e-01
10 10 65 54 +9.9999999999999956e-01
10 10 65 55 +9.9999999999999933e-01
10 10 65 57 +9.9999999999999967e-01
10 10 65 60 +9.9999999999999956e-01
10 11 76 8 -1.4142135623730945e+00
10 12 88 4 +7.0710678118654702e-01
10 13 101 7 +7.0710678118654657e-01
10 14 115 41 -9.9999999999999900e-01
10 14 115 47 +1.9999999999999980e+00
10 15 130 1 -1.4142135623730945e+00
10 17 163 3 +7.0710678118654724e-01
10 18 181 6 +7.0710678118654680e-01
11 0 66 44 -1.4142135623730945e+00
11 1 67 52 -9.9999999999999967e-01
11 2 68 6 +9.9999999999999956e-01
11 2 68 33 +9.9999999999999933e-01
11 2 68 36 +1.9999999999999991e+00
11 2 68 39 +9.9999999999999922e-01
11 2 68 49 -9.9999999999999956e-01
11 4 70 35 -9.9999999999999933e-01
11 4 70 47 +1.9999999999999987e+00
11 5 71 1 -1.4142135623730945e+00
11 5 71 14 -1.4142135623730943e+00
11 5 71 23 +1.4142135623730945e+00
11 5 71 26 -2.8284271247461890e+00
11 6 72 53 -9.9999999999999933e-01
11 7 73 7 +9.9999999999999922e-01
11 7 73 32 +9.9999999999999867e-01
11 7 73 38 +9.9999999999999867e-01
11 7 73 43 +1.9999999999999984e+00
11 7 73 50 -9.9999999999999922e-01
11 8 74 34 +1.2247448713915874e+00
11 8 74 42 -1.2247448713915876e+00
11 9 75 54 +1.0000000000000002e+00
11 10 76 8 -1.4142135623730949e+00
11 10 76 34 +7.0710678118654702e-01
11 10 76 42 +7.0710678118654724e-01
11 10 76 46 -1.4142135623730940e+00
11 10 76 48 -1.4142135623730945e+00
11 10 76 51 -1.4142135623730945e+00
11 11 77 0 +9.9999999999999967e-01
11 11 77 2 +1.0000000000000000e+00
11 11 77 5 +2.0000000000000004e+00
11 11 77 12 +9.9999999999999956e-01
11 11 77 13 +9.9999999999999956e-01
11 11 77 19 -9.9999999999999967e-01
11 11 77 24 -1.0000000000000000e+00
11 11 77 25 +1.9999999999999993e+00
11 11 77 27 +2.0000000000000000e+00
11 11 77 30 +1.0000000000000000e+00
11 12 89 50 -9.9999999999999922e-01
11 13 102 4 -9.9999999999999933e-01
11 15 131 41 -9.9999999999999933e-01
11 15 131 47 +1.9999999999999987e+00
11 16 147 1 -1.4142135623730945e+00
11 17 164 49 -9.9999999999999956e-01
11 18 182 3 -9.9999999999999967e-01
12 1 79 35 +1.9999999999999978e+00
12 1 79 41 -9.9999999999999867e-01
12 2 80 23 -9.9999999999999933e-01
12 3 81 6 -1.4142135623730936e+00
12 3 81 33 -2.8284271247461872e+00
12 3 81 39 +1.4142135623730936e+00
12 3 81 61 -1.4142135623730934e+00
12 4 82 3 +9.9999999999999933e-01
12 4 82 18 +1.9999999999999987e+00
12 4 82 21 -9.9999999999999933e-01
12 4 82 52 +9.9999999999999933e-01
12 4 82 58 +9.9999999999999922e-01
12 6 84 42 -9.9999999999999922e-01
12 7 85 24 +9.9999999999999956e-01
12 8 86 4 -1.2247448713915883e+00
12 8 86 20 -1.2247448713915878e+00
12 8 86 22 -1.2247448713915881e+00
12 8 86 53 +1.2247448713915876e+00
12 8 86 59 -1.2247448713915881e+00
12 9 87 7 -9.9999999999999900e-01
12 9 87 32 +1.9999999999999973e+00
12 9 87 38 -9.9999999999999878e-01
12 9 87 40 -9.9999999999999889e-01
12 9 87 62 -9.9999999999999900e-01
12 10 88 4 +7.0710678118654713e-01
12 10 88 17 -1.4142135623730936e+00
12 10 88 20 +7.0710678118654691e-01
12 10 88 22 +7.0710678118654702e-01
12 10 88 53 +7.0710678118654702e-01
12 10 88 59 +7.0710678118654702e-01
12 12 90 0 +9.9999999999999967e-01
12 12 90 2 +1.9999999999999996e+00
12 12 90 9 +1.0000000000000000e+00
12 12 90 12 -9.9999999999999933e-01
12 12 90 13 +1.9999999999999987e+00
12 12 90 15 +9.9999999999999967e-01
12 12 90 37 +9.9999999999999833e-01
12 12 90 45 -9.9999999999999933e-01
12 12 90 55 +9.9999999999999889e-01
12 12 90 57 +1.9999999999999987e+00
12 13 103 8 +9.9999999999999956e-01
12 14 117 39 +1.4142135623730936e+00
12 15 132 21 -9.9999999999999933e-01
12 17 165 1 -9.9999999999999967e-01
12 19 202 6 -1.4142135623730936e+00
13 1 92 44 -9.9999999999999967e-01
13 2 93 35 -9.9999999999999878e-01
13 2 93 41 +1.9999999999999978e+00
13 3 94 52 -1.4142135623730940e+00
13 4 95 6 +9.9999999999999933e-01
13 4 95 33 +1.9999999999999989e+00
13 4 95 36 +9.9999999999999922e-01
13 4 95 39 -9.9999999999999944e-01
13 4 95 49 +9.9999999999999911e-01
13 5 96 3 -1.4142135623730940e+00
13 5 96 18 -2.8284271247461881e+00
13 5 96 21 +1.4142135623730940e+00
13 5 96 28 -1.4142135623730938e+00
13 6 97 45 +9.9999999999999978e-01
13 7 98 42 -9.9999999999999911e-01
13 8 99 7 +1.2247448713915881e+00
13 8 99 38 +1.2247448713915876e+00
13 8 99 40 +1.2247448713915878e+00
13 8 99 43 +1.2247448713915881e+00
13 8 99 50 -1.2247448713915885e+00
13 9 100 53 -9.9999999999999956e-01
13 10 101 7 +7.0710678118654724e-01
13 10 101 32 -1.4142135623730936e+00
13 10 101 38 +7.0710678118654691e-01
13 10 101 40 +7.0710678118654702e-01
13 10 101 43 +7.0710678118654713e-01
13 10 101 50 +7.0710678118654702e-01
13 11 102 4 -9.9999999999999956e-01
13 11 102 17 +1.9999999999999978e+00
13 11 102 20 -9.9999999999999900e-01
13 11 102 22 -9.9999999999999922e-01
13 11 102 29 -9.9999999999999933e-01
13 12 103 8 +9.9999999999999933e-01
13 12 103 34 +9.9999999999999800e-01
13 12 103 42 -9.9999999999999911e-01
13 12 103 46 +9.9999999999999867e-01
13 12 103 48 +1.9999999999999982e+00
13 13 104 0 +9.9999999999999967e-01
13 13 104 2 +1.9999999999999996e+00
13 13 104 5 +1.0000000000000000e+00
13 13 104 12 -9.9999999999999933e-01
13 13 104 13 +1.9999999999999987e+00
13 13 104 15 +9.9999999999999967e-01
13 13 104 19 +9.9999999999999889e-01
13 13 104 24 -9.9999999999999967e-01
13 13 104 25 +9.9999999999999922e-01
13 13 104 27 +1.9999999999999993e+00
13 15 133 39 -9.9999999999999944e-01
13 16 149 21 +1.4142135623730940e+00
13 17 166 41 +1.9999999999999978e+00
13 17 166 47 -9.9999999999999889e-01
13 18 184 1 -9.9999999999999967e-01
13 19 203 3 -1.4142135623730940e+00
14 0 105 19 +1.0000000000000002e+00
14 1 106 17 -1.4142135623730947e+00
14 3 108 12 +1.0000000000000002e+00
14 6 111 3 -1.4142135623730945e+00
14 6 111 16 -1.4142135623730943e+00
14 6 111 52 +1.4142135623730945e+00
14 6 111 58 -2.8284271247461890e+00
14 9 114 1 -1.4142135623730949e+00
14 9 114 11 -1.4142135623730945e+00
14 9 114 44 +1.4142135623730949e+00
14 9 114 56 -2.8284271247461898e+00
14 14 119 0 +2.0000000000000004e+00
14 14 119 9 +2.0000000000000004e+00
14 14 119 10 +1.0000000000000000e+00
14 14 119 37 -2.0000000000000004e+00
14 14 119 55 +4.0000000000000009e+00
14 14 119 64 +1.0000000000000000e+00
14 15 134 8 -1.4142135623730949e+00
14 17 167 7 -1.4142135623730945e+00
15 0 120 34 +1.4142135623730945e+00
15 1 121 32 -9.9999999999999900e-01
15 2 122 17 -9.9999999999999967e-01
15 4 124 12 +1.0000000000000002e+00
15 6 126 6 -9.9999999999999889e-01
15 6 126 31 -9.9999999999999878e-01
15 6 126 36 -9.9999999999999878e-01
15 6 126 49 +1.9999999999999973e+00
15 6 126 61 -9.9999999999999878e-01
15 7 127 3 -9.9999999999999956e-01
15 7 127 16 -9.9999999999999933e-01
15 7 127 28 -9.9999999999999933e-01
15 7 127 52 +1.9999999999999987e+00
15 7 127 58 -9.9999999999999933e-01
15 8 128 23 +1.2247448713915876e+00
15 8 128 44 -1.2247448713915876e+00
15 9 129 35 -9.9999999999999933e-01
15 9 129 47 +1.9999999999999987e+00
15 10 130 1 -1.4142135623730949e+00
15 10 130 11 -1.4142135623730945e+00
15 10 130 23 +7.0710678118654713e-01
15 10 130 26 -1.4142135623730943e+00
15 10 130 44 +7.0710678118654713e-01
15 10 130 56 -1.4142135623730943e+00
15 14 134 8 -1.4142135623730945e+00
15 14 134 34 +1.4142135623730945e+00
15 14 134 46 -2.8284271247461890e+00
15 14 134 63 -1.4142135623730943e+00
15 15 135 0 +2.0000000000000004e+00
15 15 135 5 +9.9999999999999967e-01
15 15 135 9 +1.0000000000000000e+00
15 15 135 10 +1.0000000000000000e+00
15 15 135 19 -9.9999999999999967e-01
15 15 135 25 +1.9999999999999993e+00
15 15 135 37 -9.9999999999999978e-01
15 15 135 54 +9.9999999999999956e-01
15 15 135 55 +1.9999999999999996e+00
15 15 135 60 +9.9999999999999956e-01
15 16 151 8 -1.4142135623730945e+00
15 17 168 4 +9.9999999999999967e-01
15 18 186 7 +9.9999999999999900e-01
16 0 136 37 +1.0000000000000002e+00
16 2 138 32 -1.4142135623730945e+00
16 5 141 12 +1.0000000000000002e+00
16 6 142 52 +1.4142135623730945e+00
16 7 143 6 -1.4142135623730943e+00
16 7 143 31 -1.4142135623730940e+00
16 7 143 36 -2.8284271247461885e+00
16 7 143 49 +1.4142135623730943e+00
16 8 144 35 +1.7320508075688750e+00
16 10 146 35 -9.9999999999999956e-01
16 10 146 47 +1.9999999999999991e+00
16 11 147 1 -1.4142135623730949e+00
16 11 147 11 -1.4142135623730945e+00
16 11 147 23 +1.4142135623730949e+00
16 11 147 26 -2.8284271247461898e+00
16 14 150 54 +1.0000000000000002e+00
16 15 151 8 -1.4142135623730949e+00
16 15 151 34 +1.4142135623730947e+00
16 15 151 46 -2.8284271247461894e+00
16 15 151 51 -1.4142135623730945e+00
16 16 152 0 +2.0000000000000004e+00
16 16 152 5 +2.0000000000000004e+00
16 16 152 10 +1.0000000000000000e+00
16 16 152 19 -2.0000000000000004e+00
16 16 152 25 +4.0000000000000009e+00
16 16 152 30 +1.0000000000000000e+00
16 17 169 50 -1.4142135623730945e+00
16 18 187 4 -1.4142135623730949e+00
17 1 154 34 -9.9999999999999933e-01
17 2 155 19 +9.9999999999999967e-01
17 3 156 32 +1.4142135623730940e+00
17 4 157 17 -9.9999999999999967e-01
17 6 159 35 -9.9999999999999867e-01
17 6 159 41 +1.9999999999999978e+00
17 7 160 23 -9.9999999999999933e-01
17 8 161 3 +1.2247448713915881e+00
17 8 161 16 +1.2247448713915876e+00
17 8 161 18 +1.2247448713915876e+00
17 8 161 52 -1.2247448713915872e+00
17 8 161 58 +1.2247448713915878e+00
17 9 162 6 -9.9999999999999878e-01
17 9 162 31 -9.9999999999999856e-01
17 9 162 33 -9.9999999999999856e-01
17 9 162 39 +1.9999999999999969e+00
17 9 162 61 -9.9999999999999867e-01
17 10 163 3 +7.0710678118654691e-01
17 10 163 16 +7.0710678118654680e-01
17 10 163 18 +7.0710678118654680e-01
17 10 163 21 -1.4142135623730936e+00
17 10 163 52 +7.0710678118654691e-01
17 10 163 58 +7.0710678118654680e-01
17 12 165 1 -9.9999999999999967e-01
17 12 165 11 -9.9999999999999956e-01
17 12 165 14 -9.9999999999999956e-01
17 12 165 44 +1.9999999999999980e+00
17 12 165 56 -9.9999999999999922e-01
17 14 167 7 -1.4142135623730940e+00
17 14 167 32 +1.4142135623730940e+00
17 14 167 38 -2.8284271247461881e+00
17 14 167 62 -1.4142135623730938e+00
17 15 168 4 +9.9999999999999967e-01
17 15 168 17 -9.9999999999999967e-01
17 15 168 20 +1.9999999999999993e+00
17 15 168 53 +9.9999999999999956e-01
17 15 168 59 +9.9999999999999956e-01
17 17 170 0 +2.0000000000000004e+00
17 17 170 2 +9.9999999999999967e-01
17 17 170 9 +1.0000000000000000e+00
17 17 170 10 +1.0000000000000000e+00
17 17 170 12 -9.9999999999999967e-01
17 17 170 13 +1.9999999999999993e+00
17 17 170 37 -9.9999999999999956e-01
17 17 170 45 +9.9999999999999889e-01
17 17 170 55 +1.9999999999999991e+00
17 17 170 57 +9.9999999999999922e-01
17 18 188 8 +9.9999999999999956e-01
17 19 207 7 -1.4142135623730940e+00
18 1 172 37 +1.0000000000000000e+00
18 2 173 34 -9.9999999999999922e-01
18 4 175 32 -9.9999999999999978e-01
18 5 176 17 +1.4142135623730945e+00
18 6 177 44 -9.9999999999999967e-01
18 7 178 35 +1.9999999999999978e+00
18 7 178 41 -9.9999999999999878e-01
18 8 179 6 -1.2247448713915878e+00
18 8 179 31 -1.2247448713915874e+00
18 8 179 33 -1.2247448713915874e+00
18 8 179 36 -1.2247448713915876e+00
18 8 179 49 +1.2247448713915881e+00
18 9 180 52 -9.9999999999999900e-01
18 10 181 6 +7.0710678118654702e-01
18 10 181 31 +7.0710678118654680e-01
18 10 181 33 +7.0710678118654680e-01
18 10 181 36 +7.0710678118654680e-01
18 10 181 39 -1.4142135623730936e+00
18 10 181 49 +7.0710678118654668e-01
18 11 182 3 -9.9999999999999900e-01
18 11 182 16 -9.9999999999999889e-01
18 11 182 18 -9.9999999999999889e-01
18 11 182 21 +1.9999999999999973e+00
18 11 182 28 -9.9999999999999900e-01
18 12 183 35 +1.9999999999999978e+00
18 12 183 47 -9.9999999999999889e-01
18 13 184 1 -9.9999999999999967e-01
18 13 184 11 -9.9999999999999956e-01
18 13 184 14 -9.9999999999999956e-01
18 13 184 23 +1.9999999999999991e+00
18 13 184 26 -9.9999999999999956e-01
18 14 185 53 -1.4142135623730945e+00
18 15 186 7 +9.9999999999999967e-01
18 15 186 32 -9.9999999999999978e-01
18 15 186 38 +1.9999999999999996e+00
18 15 186 43 +9.9999999999999956e-01
18 15 186 50 +9.9999999999999956e-01
18 16 187 4 -1.4142135623730945e+00
18 16 187 17 +1.4142135623730945e+00
18 16 187 20 -2.8284271247461890e+00
18 16 187 29 -1.4142135623730943e+00
18 17 188 8 +9.9999999999999933e-01
18 17 188 34 -9.9999999999999922e-01
18 17 188 42 +9.9999999999999878e-01
18 17 188 46 +1.9999999999999984e+00
18 17 188 48 +9.9999999999999889e-01
18 18 189 0 +2.0000000000000004e+00
18 18 189 2 +9.9999999999999967e-01
18 18 189 5 +1.0000000000000000e+00
18 18 189 10 +1.0000000000000000e+00
18 18 189 12 -9.9999999999999967e-01
18 18 189 13 +1.9999999999999993e+00
18 18 189 19 -9.9999999999999978e-01
18 18 189 24 +9.9999999999999956e-01
18 18 189 25 +1.9999999999999996e+00
18 18 189 27 +9.9999999999999956e-01
18 19 208 4 -1.4142135623730945e+00
19 3 193 37 +1.0000000000000002e+00
19 4 194 34 -1.4142135623730947e+00
19 5 195 19 +1.0000000000000002e+00
19 8 198 35 +1.7320508075688750e+00
19 8 198 41 -1.7320508075688750e+00
19 9 199 44 +1.4142135623730949e+00
19 10 200 35 -9.9999999999999956e-01
19 10 200 41 -9.9999999999999956e-01
19 11 201 23 +1.4142135623730949e+00
19 12 202 6 -1.4142135623730943e+00
19 12 202 31 -1.4142135623730940e+00
19 12 202 33 -2.8284271247461885e+00
19 12 202 39 +1.4142135623730943e+00
19 13 203 3 -1.4142135623730945e+00
19 13 203 16 -1.4142135623730943e+00
19 13 203 18 -2.8284271247461890e+00
19 13 203 21 +1.4142135623730945e+00
19 14 204 45 +1.0000000000000002e+00
19 15 205 42 -1.4142135623730947e+00
19 16 206 24 +1.0000000000000002e+00
19 17 207 7 -1.4142135623730945e+00
19 17 207 32 +1.4142135623730945e+00
19 17 207 38 -2.8284271247461890e+00
19 17 207 40 -1.4142135623730943e+00
19 18 208 4 -1.4142135623730949e+00
19 18 208 17 +1.4142135623730947e+00
19 18 208 20 -2.8284271247461894e+00
19 18 208 22 -1.4142135623730945e+00
19 19 209 0 +2.0000000000000004e+00
19 19 209 2 +2.0000000000000004e+00
19 19 209 10 +1.0000000000000000e+00
19 19 209 12 -2.0000000000000004e+00
19 19 209 13 +4.0000000000000009e+00
19 19 209 15 +1.0000000000000000e+00
which one
nterms 192
# bra_pos ket_pos ij pqrs coef
0 0 0 5 +2.0000000000000004e+00
0 0 0 9 +2.0000000000000004e+00
0 1 1 4 -1.4142135623730949e+00
0 2 3 7 -1.4142135623730945e+00
0 6 21 3 -1.4142135623730945e+00
0 7 28 6 -1.4142135623730943e+00
1 0 1 4 -1.4142135623730945e+00
1 1 2 2 +9.9999999999999967e-01
1 1 2 5 +1.0000000000000000e+00
1 1 2 9 +2.0000000000000004e+00
1 2 4 8 -9.9999999999999933e-01
1 3 7 4 -1.4142135623730945e+00
1 4 11 7 -9.9999999999999967e-01
1 6 22 1 +9.9999999999999967e-01
1 8 37 6 -1.2247448713915878e+00
1 9 46 3 +9.9999999999999900e-01
1 10 56 6 +7.0710678118654702e-01
2 0 3 7 -1.4142135623730940e+00
2 1 4 8 -9.9999999999999956e-01
2 2 5 2 +9.9999999999999967e-01
2 2 5 5 +1.9999999999999996e+00
2 2 5 9 +1.0000000000000000e+00
2 4 12 4 -9.9999999999999967e-01
2 5 17 7 -1.4142135623730940e+00
2 7 30 1 +9.9999999999999967e-01
2 8 38 3 +1.2247448713915881e+00
2 10 57 3 +7.0710678118654691e-01
2 11 68 6 +9.9999999999999878e-01
3 1 7 4 -1.4142135623730949e+00
3 3 9 2 +2.0000000000000004e+00
3 3 9 9 +2.0000000000000004e+00
3 4 13 8 -1.4142135623730949e+00
3 9 48 1 -1.4142135623730949e+00
3 12 81 6 -1.4142135623730943e+00
4 1 11 7 -9.9999999999999900e-01
4 2 12 4 -9.9999999999999967e-01
4 3 13 8 -1.4142135623730945e+00
4 4 14 2 +2.0000000000000004e+00
4 4 14 5 +9.9999999999999967e-01
4 4 14 9 +1.0000000000000000e+00
4 5 19 8 -1.4142135623730945e+00
4 10 59 1 -1.4142135623730949e+00
4 12 82 3 +9.9999999999999956e-01
4 13 95 6 +9.9999999999999889e-01
5 2 17 7 -1.4142135623730945e+00
5 4 19 8 -1.4142135623730949e+00
5 5 20 2 +2.0000000000000004e+00
5 5 20 5 +2.0000000000000004e+00
5 11 71 1 -1.4142135623730949e+00
5 13 96 3 -1.4142135623730945e+00
6 0 21 3 -1.4142135623730940e+00
6 1 22 1 +9.9999999999999967e-01
6 6 27 0 +9.9999999999999967e-01
6 6 27 5 +1.0000000000000000e+00
6 6 27 9 +2.0000000000000004e+00
6 7 34 8 -9.9999999999999933e-01
6 8 42 7 +1.2247448713915881e+00
6 9 51 4 +9.9999999999999956e-01
6 10 61 7 +7.0710678118654724e-01
6 14 111 3 -1.4142135623730940e+00
6 15 126 6 -9.9999999999999933e-01
7 0 28 6 -1.4142135623730936e+00
7 2 30 1 +9.9999999999999967e-01
7 6 34 8 -9.9999999999999956e-01
7 7 35 0 +9.9999999999999967e-01
7 7 35 5 +1.9999999999999996e+00
7 7 35 9 +1.0000000000000000e+00
7 8 43 4 -1.2247448713915883e+00
7 10 62 4 +7.0710678118654713e-01
7 11 73 7 +9.9999999999999900e-01
7 15 127 3 -9.9999999999999933e-01
7 16 143 6 -1.4142135623730936e+00
8 1 37 6 -1.2247448713915876e+00
8 2 38 3 +1.2247448713915881e+00
8 6 42 7 +1.2247448713915874e+00
8 7 43 4 -1.2247448713915876e+00
8 8 44 0 +9.9999999999999967e-01
8 8 44 2 +1.0000000000000000e+00
8 8 44 5 +9.9999999999999956e-01
8 8 44 9 +1.0000000000000000e+00
8 12 86 4 -1.2247448713915876e+00
8 13 99 7 +1.2247448713915874e+00
8 17 161 3 +1.2247448713915881e+00
8 18 179 6 -1.2247448713915876e+00
9 1 46 3 +9.9999999999999967e-01
9 3 48 1 -1.4142135623730945e+00
9 6 51 4 +9.9999999999999933e-01
9 9 54 0 +9.9999999999999967e-01
9 9 54 2 +1.0000000000000000e+00
9 9 54 9 +2.0000000000000004e+00
9 10 64 8 -1.4142135623730949e+00
9 12 87 7 -9.9999999999999922e-01
9 14 114 1 -1.4142135623730945e+00
9 17 162 6 -9.9999999999999956e-01
10 1 56 6 +7.0710678118654680e-01
10 2 57 3 +7.0710678118654724e-01
10 4 59 1 -1.4142135623730945e+00
10 6 61 7 +7.0710678118654657e-01
10 7 62 4 +7.0710678118654702e-01
10 9 64 8 -1.4142135623730945e+00
10 10 65 0 +9.9999999999999967e-01
10 10 65 2 +1.0000000000000000e+00
10 10 65 5 +9.9999999999999967e-01
10 10 65 9 +1.0000000000000000e+00
10 11 76 8 -1.4142135623730945e+00
10 12 88 4 +7.0710678118654702e-01
10 13 101 7 +7.0710678118654657e-01
10 15 130 1 -1.4142135623730945e+00
10 17 163 3 +7.0710678118654724e-01
10 18 181 6 +7.0710678118654680e-01
11 2 68 6 +9.9999999999999956e-01
11 5 71 1 -1.4142135623730945e+00
11 7 73 7 +9.9999999999999922e-01
11 10 76 8 -1.4142135623730949e+00
11 11 77 0 +9.9999999999999967e-01
11 11 77 2 +1.0000000000000000e+00
11 11 77 5 +2.0000000000000004e+00
11 13 102 4 -9.9999999999999933e-01
11 16 147 1 -1.4142135623730945e+00
11 18 182 3 -9.9999999999999967e-01
12 3 81 6 -1.4142135623730936e+00
12 4 82 3 +9.9999999999999933e-01
12 8 86 4 -1.2247448713915883e+00
12 9 87 7 -9.9999999999999900e-01
12 10 88 4 +7.0710678118654713e-01
12 12 90 0 +9.9999999999999967e-01
12 12 90 2 +1.9999999999999996e+00
12 12 90 9 +1.0000000000000000e+00
12 13 103 8 +9.9999999999999956e-01
12 17 165 1 -9.9999999999999967e-01
12 19 202 6 -1.4142135623730936e+00
13 4 95 6 +9.9999999999999933e-01
13 5 96 3 -1.4142135623730940e+00
13 8 99 7 +1.2247448713915881e+00
13 10 101 7 +7.0710678118654724e-01
13 11 102 4 -9.9999999999999956e-01
13 12 103 8 +9.9999999999999933e-01
13 13 104 0 +9.9999999999999967e-01
13 13 104 2 +1.9999999999999996e+00
13 13 104 5 +1.0000000000000000e+00
13 18 184 1 -9.9999999999999967e-01
13 19 203 3 -1.4142135623730940e+00
14 6 111 3 -1.4142135623730945e+00
14 9 114 1 -1.4142135623730949e+00
14 14 119 0 +2.0000000000000004e+00
14 14 119 9 +2.0000000000000004e+00
14 15 134 8 -1.4142135623730949e+00
14 17 167 7 -1.4142135623730945e+00
15 6 126 6 -9.9999999999999889e-01
15 7 127 3 -9.9999999999999956e-01
15 10 130 1 -1.4142135623730949e+00
15 14 134 8 -1.4142135623730945e+00
15 15 135 0 +2.0000000000000004e+00
15 15 135 5 +9.9999999999999967e-01
15 15 135 9 +1.0000000000000000e+00
15 16 151 8 -1.4142135623730945e+00
15 17 168 4 +9.9999999999999967e-01
15 18 186 7 +9.9999999999999900e-01
16 7 143 6 -1.4142135623730943e+00
16 11 147 1 -1.4142135623730949e+00
16 15 151 8 -1.4142135623730949e+00
16 16 152 0 +2.0000000000000004e+00
16 16 152 5 +2.0000000000000004e+00
16 18 187 4 -1.4142135623730949e+00
17 8 161 3 +1.2247448713915881e+00
17 9 162 6 -9.9999999999999878e-01
17 10 163 3 +7.0710678118654691e-01
17 12 165 1 -9.9999999999999967e-01
17 14 167 7 -1.4142135623730940e+00
17 15 168 4 +9.9999999999999967e-01
17 17 170 0 +2.0000000000000004e+00
17 17 170 2 +9.9999999999999967e-01
17 17 170 9 +1.0000000000000000e+00
17 18 188 8 +9.9999999999999956e-01
17 19 207 7 -1.4142135623730940e+00
18 8 179 6 -1.2247448713915878e+00
18 10 181 6 +7.0710678118654702e-01
18 11 182 3 -9.9999999999999900e-01
18 13 184 1 -9.9999999999999967e-01
18 15 186 7 +9.9999999999999967e-01
18 16 187 4 -1.4142135623730945e+00
18 17 188 8 +9.9999999999999933e-01
18 18 189 0 +2.0000000000000004e+00
18 18 189 2 +9.9999999999999967e-01
18 18 189 5 +1.0000000000000000e+00
18 19 208 4 -1.4142135623730945e+00
19 12 202 6 -1.4142135623730943e+00
19 13 203 3 -1.4142135623730945e+00
19 17 207 7 -1.4142135623730945e+00
19 18 208 4 -1.4142135623730949e+00
19 19 209 0 +2.0000000000000004e+00
19 19 209 2 +2.0000000000000004e+00
