# CSFSET pair-eval oracle -- frozen from the sub-DRT path (cb8a3f3).
# Generated by c/tests/gen_csfset_oracle.c. Committed files are the
# oracle; see reference_csfset/README. case O2
norb 4
ncsfs 2
csf 0  1 0 3 2
csf 1  0 1 2 3
which full
nterms 22
# bra_pos ket_pos ij pqrs coef
0 0 9 0 +9.9999999999999967e-01
0 0 9 5 +1.9999999999999996e+00
0 0 9 9 +1.0000000000000000e+00
0 0 9 19 -9.9999999999999900e-01
0 0 9 25 +1.9999999999999980e+00
0 0 9 30 +9.9999999999999967e-01
0 0 9 37 +9.9999999999999833e-01
0 0 9 54 -9.9999999999999967e-01
0 0 9 55 +9.9999999999999889e-01
0 0 9 60 +1.9999999999999993e+00
0 1 6 35 +1.9999999999999978e+00
0 1 6 47 -9.9999999999999900e-01
1 1 0 2 +9.9999999999999967e-01
1 1 0 5 +1.0000000000000000e+00
1 1 0 9 +2.0000000000000004e+00
1 1 0 24 +9.9999999999999956e-01
1 1 0 27 +9.9999999999999956e-01
1 1 0 45 -9.9999999999999967e-01
1 1 0 54 -1.0000000000000000e+00
1 1 0 57 +1.9999999999999993e+00
1 1 0 60 +2.0000000000000000e+00
1 1 0 64 +1.0000000000000000e+00
which one
nterms 6
# bra_pos ket_pos ij pqrs coef
0 0 9 0 +9.9999999999999967e-01
0 0 9 5 +1.9999999999999996e+00
0 0 9 9 +1.0000000000000000e+00
1 1 0 2 +9.9999999999999967e-01
1 1 0 5 +1.0000000000000000e+00
1 1 0 9 +2.0000000000000004e+00
