# CSFSET pair-eval oracle -- frozen from the sub-DRT path (cb8a3f3).
# Generated by c/tests/gen_csfset_oracle.c. Committed files are the
# oracle; see reference_csfset/README. case O5
norb 4
ncsfs 2
csf 0  0 0 3 3
csf 1  0 0 3 3
which full
nterms 24
# bra_pos ket_pos ij pqrs coef
0 0 0 5 +2.0000000000000004e+00
0 0 0 9 +2.0000000000000004e+00
0 0 0 30 +1.0000000000000000e+00
0 0 0 54 -2.0000000000000004e+00
0 0 0 60 +4.0000000000000009e+00
0 0 0 64 +1.0000000000000000e+00
0 1 0 5 +2.0000000000000004e+00
0 1 0 9 +2.0000000000000004e+00
0 1 0 30 +1.0000000000000000e+00
0 1 0 54 -2.0000000000000004e+00
0 1 0 60 +4.0000000000000009e+00
0 1 0 64 +1.0000000000000000e+00
1 0 0 5 +2.0000000000000004e+00
1 0 0 9 +2.0000000000000004e+00
1 0 0 30 +1.0000000000000000e+00
1 0 0 54 -2.0000000000000004e+00
1 0 0 60 +4.0000000000000009e+00
1 0 0 64 +1.0000000000000000e+00
1 1 0 5 +2.0000000000000004e+00
1 1 0 9 +2.0000000000000004e+00
1 1 0 30 +1.0000000000000000e+00
1 1 0 54 -2.0000000000000004e+00
1 1 0 60 +4.0000000000000009e+00
1 1 0 64 +1.0000000000000000e+00
