# CSFSET pair-eval oracle -- frozen from the sub-DRT path (cb8a3f3).
# Generated by c/tests/gen_csfset_oracle.c. Committed files are the
# oracle; see reference_csfset/README. case OF
norb 6
ncsfs 9
csf 0  1 3 0 1 2 2
csf 1  1 3 1 0 2 2
csf 2  1 3 3 0 0 2
csf 3  3 1 0 1 2 2
csf 4  3 1 1 0 2 2
csf 5  3 1 3 0 0 2
csf 6  3 3 0 0 1 2
csf 7  3 3 1 0 0 2
csf 8  3 3 3 0 0 0
which full
nterms 336
# bra_pos ket_pos ij pqrs coef
0 0 0 0 +9.9999999999999967e-01
0 0 0 2 +1.9999999999999996e+00
0 0 0 9 +1.0000000000000000e+00
0 0 0 14 +9.9999999999999956e-01
0 0 0 20 +1.0000000000000000e+00
0 0 0 23 -9.9999999999999933e-01
0 0 0 24 +1.9999999999999987e+00
0 0 0 26 +9.9999999999999967e-01
0 0 0 48 -9.9999999999999967e-01
0 0 0 56 -9.9999999999999933e-01
0 0 0 66 +9.9999999999999889e-01
0 0 0 68 +1.9999999999999987e+00
0 0 0 86 +5.0000000000000056e-01
0 0 0 98 -9.9999999999999878e-01
0 0 0 125 +5.0000000000000144e-01
0 0 0 126 +9.9999999999999822e-01
0 0 0 128 +1.9999999999999976e+00
0 0 0 135 +9.9999999999999933e-01
0 0 0 156 +5.0000000000000000e-01
0 0 0 173 -9.9999999999999856e-01
0 0 0 210 +5.0000000000000089e-01
0 0 0 230 -9.9999999999999967e-01
0 0 0 231 +9.9999999999999811e-01
0 0 0 233 +1.9999999999999971e+00
0 0 0 240 +9.9999999999999922e-01
0 0 0 245 +9.9999999999999933e-01
0 1 15 8 +9.9999999999999967e-01
0 3 136 1 -9.9999999999999967e-01
1 0 15 8 +9.9999999999999956e-01
1 0 15 45 -9.9999999999999889e-01
1 0 15 53 -9.9999999999999933e-01
1 0 15 57 +9.9999999999999878e-01
1 0 15 59 +1.9999999999999987e+00
1 0 15 124 +5.0000000000000189e-01
1 0 15 134 +9.9999999999999889e-01
1 0 15 209 +5.0000000000000133e-01
1 0 15 239 +9.9999999999999878e-01
1 1 20 0 +9.9999999999999967e-01
1 1 20 2 +1.9999999999999996e+00
1 1 20 5 +1.0000000000000000e+00
1 1 20 14 +9.9999999999999956e-01
1 1 20 20 +1.0000000000000000e+00
1 1 20 23 -9.9999999999999933e-01
1 1 20 24 +1.9999999999999987e+00
1 1 20 26 +9.9999999999999967e-01
1 1 20 30 -1.0000000000000000e+00
1 1 20 35 -9.9999999999999967e-01
1 1 20 36 +9.9999999999999922e-01
1 1 20 38 +1.9999999999999993e+00
1 1 20 86 +5.0000000000000089e-01
1 1 20 98 -9.9999999999999956e-01
1 1 20 111 +5.0000000000000144e-01
1 1 20 126 +9.9999999999999900e-01
1 1 20 128 +1.9999999999999991e+00
1 1 20 131 +9.9999999999999978e-01
1 1 20 156 +5.0000000000000056e-01
1 1 20 173 -9.9999999999999933e-01
1 1 20 191 +5.0000000000000089e-01
1 1 20 230 -9.9999999999999967e-01
1 1 20 231 +9.9999999999999889e-01
1 1 20 233 +1.9999999999999987e+00
1 1 20 236 +9.9999999999999967e-01
1 1 20 245 +9.9999999999999933e-01
1 2 96 12 -1.2247448713915874e+00
1 3 141 58 -9.9999999999999900e-01
1 4 236 1 -9.9999999999999967e-01
1 7 708 10 +1.2247448713915872e+00
2 0 91 107 -1.2247448713915881e+00
2 1 96 12 -1.2247448713915876e+00
2 1 96 91 +1.2247448713915872e+00
2 1 96 99 -1.2247448713915867e+00
2 1 96 101 -2.4494897427831743e+00
2 1 96 104 -1.2247448713915872e+00
2 1 96 228 +1.2247448713915869e+00
2 1 96 243 -1.2247448713915874e+00
2 2 104 0 +9.9999999999999967e-01
2 2 104 2 +1.9999999999999996e+00
2 2 104 5 +1.9999999999999996e+00
2 2 104 20 +1.0000000000000000e+00
2 2 104 23 -9.9999999999999933e-01
2 2 104 24 +1.9999999999999987e+00
2 2 104 26 +9.9999999999999967e-01
2 2 104 30 -9.9999999999999900e-01
2 2 104 35 -1.9999999999999991e+00
2 2 104 36 +1.9999999999999980e+00
2 2 104 38 +3.9999999999999982e+00
2 2 104 41 +9.9999999999999967e-01
2 2 104 156 +9.9999999999999689e-01
2 2 104 173 -9.9999999999999878e-01
2 2 104 191 -9.9999999999999900e-01
2 2 104 231 +9.9999999999999822e-01
2 2 104 233 +1.9999999999999976e+00
2 2 104 236 +1.9999999999999980e+00
2 4 244 90 -1.2247448713915885e+00
2 4 244 100 +1.2247448713915869e+00
2 5 448 1 -9.9999999999999967e-01
2 6 541 102 -9.9999999999999867e-01
2 7 716 3 -9.9999999999999933e-01
2 8 833 15 -1.4142135623730927e+00
3 0 136 1 -9.9999999999999967e-01
3 0 136 22 -9.9999999999999956e-01
3 0 136 25 -9.9999999999999956e-01
3 0 136 67 -9.9999999999999922e-01
3 0 136 97 +1.4999999999999996e+00
3 0 136 127 -9.9999999999999856e-01
3 0 136 172 +1.4999999999999989e+00
3 0 136 232 -9.9999999999999845e-01
3 3 152 0 +2.0000000000000004e+00
3 3 152 2 +9.9999999999999967e-01
3 3 152 9 +1.0000000000000000e+00
3 3 152 14 +9.9999999999999956e-01
3 3 152 20 +1.0000000000000000e+00
3 3 152 21 +1.0000000000000000e+00
3 3 152 23 -9.9999999999999967e-01
3 3 152 24 +1.9999999999999993e+00
3 3 152 48 -9.9999999999999956e-01
3 3 152 56 -1.0000000000000000e+00
3 3 152 66 +1.9999999999999991e+00
3 3 152 68 +9.9999999999999922e-01
3 3 152 86 -9.9999999999999889e-01
3 3 152 98 +5.0000000000000089e-01
3 3 152 125 +5.0000000000000144e-01
3 3 152 126 +1.9999999999999978e+00
3 3 152 128 +9.9999999999999856e-01
3 3 152 135 +9.9999999999999933e-01
3 3 152 156 -9.9999999999999878e-01
3 3 152 173 +5.0000000000000044e-01
3 3 152 210 +5.0000000000000089e-01
3 3 152 230 -9.9999999999999967e-01
3 3 152 231 +1.9999999999999976e+00
3 3 152 233 +9.9999999999999845e-01
3 3 152 240 +9.9999999999999922e-01
3 3 152 245 +9.9999999999999933e-01
3 4 247 8 +9.9999999999999967e-01
4 0 231 58 -9.9999999999999900e-01
4 1 236 1 -9.9999999999999967e-01
4 1 236 22 -9.9999999999999956e-01
4 1 236 25 -9.9999999999999956e-01
4 1 236 37 -9.9999999999999956e-01
4 1 236 97 +1.5000000000000009e+00
4 1 236 127 -9.9999999999999933e-01
4 1 236 172 +1.5000000000000000e+00
4 1 236 232 -9.9999999999999922e-01
4 3 247 8 +9.9999999999999956e-01
4 3 247 45 -9.9999999999999944e-01
4 3 247 53 -9.9999999999999933e-01
4 3 247 57 +1.9999999999999989e+00
4 3 247 59 +9.9999999999999900e-01
4 3 247 124 +5.0000000000000189e-01
4 3 247 134 +9.9999999999999889e-01
4 3 247 209 +5.0000000000000133e-01
4 3 247 239 +9.9999999999999878e-01
4 4 252 0 +2.0000000000000004e+00
4 4 252 2 +9.9999999999999967e-01
4 4 252 5 +1.0000000000000000e+00
4 4 252 14 +9.9999999999999956e-01
4 4 252 20 +1.0000000000000000e+00
4 4 252 21 +1.0000000000000000e+00
4 4 252 23 -9.9999999999999967e-01
4 4 252 24 +1.9999999999999993e+00
4 4 252 30 -9.9999999999999978e-01
4 4 252 35 -1.0000000000000004e+00
4 4 252 36 +1.9999999999999996e+00
4 4 252 38 +9.9999999999999956e-01
4 4 252 86 -9.9999999999999967e-01
4 4 252 98 +5.0000000000000144e-01
4 4 252 111 +5.0000000000000144e-01
4 4 252 126 +1.9999999999999993e+00
4 4 252 128 +9.9999999999999933e-01
4 4 252 131 +9.9999999999999978e-01
4 4 252 156 -9.9999999999999956e-01
4 4 252 173 +5.0000000000000089e-01
4 4 252 191 +5.0000000000000089e-01
4 4 252 230 -9.9999999999999967e-01
4 4 252 231 +1.9999999999999991e+00
4 4 252 233 +9.9999999999999922e-01
4 4 252 236 +9.9999999999999967e-01
4 4 252 245 +9.9999999999999933e-01
4 5 456 12 -1.2247448713915874e+00
4 7 724 11 +1.2247448713915876e+00
5 1 440 80 -1.2247448713915885e+00
5 1 440 100 +1.2247448713915869e+00
5 2 448 1 -9.9999999999999967e-01
5 2 448 22 -9.9999999999999956e-01
5 2 448 25 -9.9999999999999956e-01
5 2 448 34 +9.9999999999999933e-01
5 2 448 37 -1.9999999999999987e+00
5 2 448 172 +1.9999999999999962e+00
5 2 448 232 -9.9999999999999856e-01
5 3 451 107 -1.2247448713915881e+00
5 4 456 12 -1.2247448713915876e+00
5 4 456 79 +1.2247448713915874e+00
5 4 456 99 -2.4494897427831748e+00
5 4 456 101 -1.2247448713915869e+00
5 4 456 104 -1.2247448713915872e+00
5 4 456 228 +1.2247448713915869e+00
5 4 456 243 -1.2247448713915874e+00
5 5 464 0 +2.0000000000000004e+00
5 5 464 2 +9.9999999999999967e-01
5 5 464 5 +1.9999999999999996e+00
5 5 464 20 +1.0000000000000000e+00
5 5 464 21 +1.0000000000000000e+00
5 5 464 23 -9.9999999999999967e-01
5 5 464 24 +1.9999999999999993e+00
5 5 464 30 -1.9999999999999993e+00
5 5 464 35 -9.9999999999999933e-01
5 5 464 36 +3.9999999999999987e+00
5 5 464 38 +1.9999999999999987e+00
5 5 464 41 +9.9999999999999967e-01
5 5 464 156 -9.9999999999999889e-01
5 5 464 173 +9.9999999999999756e-01
5 5 464 191 -9.9999999999999900e-01
5 5 464 231 +1.9999999999999978e+00
5 5 464 233 +9.9999999999999856e-01
5 5 464 236 +1.9999999999999980e+00
5 6 557 103 -9.9999999999999900e-01
5 7 732 4 -9.9999999999999967e-01
5 8 849 16 -1.4142135623730931e+00
6 0 528 122 +1.2247448713915872e+00
6 0 528 207 -1.2247448713915872e+00
6 1 533 109 +1.2247448713915876e+00
6 1 533 189 -1.2247448713915876e+00
6 3 544 123 +1.2247448713915874e+00
6 3 544 208 -1.2247448713915876e+00
6 4 549 110 +1.2247448713915878e+00
6 4 549 190 -1.2247448713915878e+00
6 6 560 0 +2.0000000000000004e+00
6 6 560 2 +2.0000000000000004e+00
6 6 560 14 +9.9999999999999967e-01
6 6 560 20 +1.0000000000000000e+00
6 6 560 21 +1.0000000000000000e+00
6 6 560 23 -2.0000000000000004e+00
6 6 560 24 +4.0000000000000009e+00
6 6 560 26 +1.0000000000000000e+00
6 6 560 86 -9.9999999999999967e-01
6 6 560 98 -9.9999999999999967e-01
6 6 560 126 +1.9999999999999993e+00
6 6 560 128 +1.9999999999999993e+00
6 6 560 156 -9.9999999999999978e-01
6 6 560 173 -9.9999999999999978e-01
6 6 560 230 +9.9999999999999956e-01
6 6 560 231 +1.9999999999999996e+00
6 6 560 233 +1.9999999999999996e+00
6 6 560 245 +9.9999999999999956e-01
6 7 735 12 +9.9999999999999956e-01
7 0 703 84 +1.2247448713915889e+00
7 1 708 10 +1.2247448713915869e+00
7 1 708 76 +1.2247448713915867e+00
7 1 708 78 +2.4494897427831739e+00
7 1 708 81 +1.2247448713915867e+00
7 1 708 88 -1.2247448713915869e+00
7 1 708 226 -1.2247448713915863e+00
7 1 708 241 +1.2247448713915867e+00
7 2 716 3 -9.9999999999999956e-01
7 2 716 27 -9.9999999999999933e-01
7 2 716 29 -1.9999999999999991e+00
7 2 716 32 +9.9999999999999956e-01
7 2 716 39 -9.9999999999999933e-01
7 2 716 189 +1.9999999999999969e+00
7 2 716 234 -9.9999999999999878e-01
7 3 719 95 +1.2247448713915892e+00
7 4 724 11 +1.2247448713915872e+00
7 4 724 77 -1.2247448713915869e+00
7 4 724 87 +2.4494897427831739e+00
7 4 724 89 +1.2247448713915869e+00
7 4 724 92 +1.2247448713915869e+00
7 4 724 227 -1.2247448713915865e+00
7 4 724 242 +1.2247448713915869e+00
7 5 732 4 -9.9999999999999967e-01
7 5 732 28 +9.9999999999999967e-01
7 5 732 31 -1.9999999999999993e+00
7 5 732 33 -9.9999999999999956e-01
7 5 732 40 -9.9999999999999956e-01
7 5 732 190 +1.9999999999999973e+00
7 5 732 235 -9.9999999999999889e-01
7 6 735 12 +9.9999999999999933e-01
7 6 735 79 -9.9999999999999933e-01
7 6 735 91 -9.9999999999999933e-01
7 6 735 99 +1.9999999999999987e+00
7 6 735 101 +1.9999999999999987e+00
7 6 735 228 +9.9999999999999933e-01
7 6 735 243 +9.9999999999999922e-01
7 7 740 0 +2.0000000000000004e+00
7 7 740 2 +2.0000000000000004e+00
7 7 740 5 +9.9999999999999967e-01
7 7 740 20 +1.0000000000000000e+00
7 7 740 21 +1.0000000000000000e+00
7 7 740 23 -2.0000000000000004e+00
7 7 740 24 +4.0000000000000009e+00
7 7 740 26 +1.0000000000000000e+00
7 7 740 30 -9.9999999999999967e-01
7 7 740 35 -9.9999999999999967e-01
7 7 740 36 +1.9999999999999993e+00
7 7 740 38 +1.9999999999999993e+00
7 7 740 156 -9.9999999999999922e-01
7 7 740 173 -9.9999999999999922e-01
7 7 740 191 +9.9999999999999833e-01
7 7 740 231 +1.9999999999999984e+00
7 7 740 233 +1.9999999999999984e+00
7 7 740 236 +9.9999999999999889e-01
7 8 857 17 -1.4142135623730936e+00
8 1 825 153 +1.7320508075688750e+00
8 1 825 184 -1.7320508075688750e+00
8 2 833 15 -1.4142135623730936e+00
8 2 833 141 -1.4142135623730936e+00
8 2 833 143 -2.8284271247461876e+00
8 2 833 146 -2.8284271247461876e+00
8 2 833 158 +1.4142135623730938e+00
8 2 833 177 +1.4142135623730938e+00
8 4 841 169 +1.7320508075688752e+00
8 4 841 185 -1.7320508075688752e+00
8 5 849 16 -1.4142135623730938e+00
8 5 849 142 +1.4142135623730940e+00
8 5 849 157 -2.8284271247461881e+00
8 5 849 159 -1.4142135623730938e+00
8 5 849 162 -2.8284271247461881e+00
8 5 849 178 +1.4142135623730940e+00
8 6 852 186 -1.4142135623730947e+00
8 7 857 17 -1.4142135623730943e+00
8 7 857 144 +1.4142135623730943e+00
8 7 857 161 +1.4142135623730943e+00
8 7 857 174 -2.8284271247461885e+00
8 7 857 176 -2.8284271247461885e+00
8 7 857 179 -1.4142135623730940e+00
8 8 860 0 +2.0000000000000004e+00
8 8 860 2 +2.0000000000000004e+00
8 8 860 5 +2.0000000000000004e+00
8 8 860 21 +1.0000000000000000e+00
8 8 860 23 -2.0000000000000004e+00
8 8 860 24 +4.0000000000000009e+00
8 8 860 26 +1.0000000000000000e+00
8 8 860 30 -2.0000000000000004e+00
8 8 860 35 -2.0000000000000004e+00
8 8 860 36 +4.0000000000000009e+00
8 8 860 38 +4.0000000000000009e+00
8 8 860 41 +1.0000000000000000e+00
which one
nterms 69
# bra_pos ket_pos ij pqrs coef
0 0 0 0 +9.9999999999999967e-01
0 0 0 2 +1.9999999999999996e+00
0 0 0 9 +1.0000000000000000e+00
0 0 0 14 +9.9999999999999956e-01
0 0 0 20 +1.0000000000000000e+00
0 1 15 8 +9.9999999999999967e-01
0 3 136 1 -9.9999999999999967e-01
1 0 15 8 +9.9999999999999956e-01
1 1 20 0 +9.9999999999999967e-01
1 1 20 2 +1.9999999999999996e+00
1 1 20 5 +1.0000000000000000e+00
1 1 20 14 +9.9999999999999956e-01
1 1 20 20 +1.0000000000000000e+00
1 2 96 12 -1.2247448713915874e+00
1 4 236 1 -9.9999999999999967e-01
1 7 708 10 +1.2247448713915872e+00
2 1 96 12 -1.2247448713915876e+00
2 2 104 0 +9.9999999999999967e-01
2 2 104 2 +1.9999999999999996e+00
2 2 104 5 +1.9999999999999996e+00
2 2 104 20 +1.0000000000000000e+00
2 5 448 1 -9.9999999999999967e-01
2 7 716 3 -9.9999999999999933e-01
2 8 833 15 -1.4142135623730927e+00
3 0 136 1 -9.9999999999999967e-01
3 3 152 0 +2.0000000000000004e+00
3 3 152 2 +9.9999999999999967e-01
3 3 152 9 +1.0000000000000000e+00
3 3 152 14 +9.9999999999999956e-01
3 3 152 20 +1.0000000000000000e+00
3 4 247 8 +9.9999999999999967e-01
4 1 236 1 -9.9999999999999967e-01
4 3 247 8 +9.9999999999999956e-01
4 4 252 0 +2.0000000000000004e+00
4 4 252 2 +9.9999999999999967e-01
4 4 252 5 +1.0000000000000000e+00
4 4 252 14 +9.9999999999999956e-01
4 4 252 20 +1.0000000000000000e+00
4 5 456 12 -1.2247448713915874e+00
4 7 724 11 +1.2247448713915876e+00
5 2 448 1 -9.9999999999999967e-01
5 4 456 12 -1.2247448713915876e+00
5 5 464 0 +2.0000000000000004e+00
5 5 464 2 +9.9999999999999967e-01
5 5 464 5 +1.9999999999999996e+00
5 5 464 20 +1.0000000000000000e+00
5 7 732 4 -9.9999999999999967e-01
5 8 849 16 -1.4142135623730931e+00
6 6 560 0 +2.0000000000000004e+00
6 6 560 2 +2.0000000000000004e+00
6 6 560 14 +9.9999999999999967e-01
6 6 560 20 +1.0000000000000000e+00
6 7 735 12 +9.9999999999999956e-01
7 1 708 10 +1.2247448713915869e+00
7 2 716 3 -9.9999999999999956e-01
7 4 724 11 +1.2247448713915872e+00
7 5 732 4 -9.9999999999999967e-01
7 6 735 12 +9.9999999999999933e-01
7 7 740 0 +2.0000000000000004e+00
7 7 740 2 +2.0000000000000004e+00
7 7 740 5 +9.9999999999999967e-01
7 7 740 20 +1.0000000000000000e+00
7 8 857 17 -1.4142135623730936e+00
8 2 833 15 -1.4142135623730936e+00
8 5 849 16 -1.4142135623730938e+00
8 7 857 17 -1.4142135623730943e+00
8 8 860 0 +2.0000000000000004e+00
8 8 860 2 +2.0000000000000004e+00
8 8 860 5 +2.0000000000000004e+00
