# CSFSET pair-eval oracle -- frozen from the sub-DRT path (cb8a3f3).
# Generated by c/tests/gen_csfset_oracle.c. Committed files are the
# oracle; see reference_csfset/README. case OS
norb 6
ncsfs 9
csf 0  0 3 0 3 0 3
csf 1  0 3 1 1 2 2
csf 2  1 1 0 3 2 2
csf 3  1 1 1 2 2 2
csf 4  1 2 0 3 0 3
csf 5  1 2 1 1 2 2
csf 6  3 0 0 3 0 3
csf 7  3 3 0 0 0 3
csf 8  3 3 3 0 0 0
which full
nterms 247
# bra_pos ket_pos ij pqrs coef
0 0 0 2 +2.0000000000000004e+00
0 0 0 9 +2.0000000000000004e+00
0 0 0 20 +2.0000000000000004e+00
0 0 0 26 +1.0000000000000000e+00
0 0 0 56 -2.0000000000000004e+00
0 0 0 68 +4.0000000000000009e+00
0 0 0 75 +1.0000000000000000e+00
0 0 0 173 -2.0000000000000004e+00
0 0 0 210 -2.0000000000000004e+00
0 0 0 233 +4.0000000000000009e+00
0 0 0 240 +4.0000000000000009e+00
0 0 0 251 +1.0000000000000000e+00
0 4 153 1 -1.4142135623730949e+00
1 0 6 187 +1.7320508075688761e+00
1 1 9 2 +2.0000000000000004e+00
1 1 9 5 +9.9999999999999967e-01
1 1 9 9 +1.0000000000000000e+00
1 1 9 14 +9.9999999999999956e-01
1 1 9 20 +1.0000000000000000e+00
1 1 9 26 +1.0000000000000000e+00
1 1 9 35 -9.9999999999999967e-01
1 1 9 38 +1.9999999999999993e+00
1 1 9 56 -9.9999999999999978e-01
1 1 9 65 -1.0000000000000004e+00
1 1 9 68 +1.9999999999999996e+00
1 1 9 71 +9.9999999999999956e-01
1 1 9 98 -9.9999999999999922e-01
1 1 9 111 +5.0000000000000144e-01
1 1 9 125 +5.0000000000000144e-01
1 1 9 128 +1.9999999999999984e+00
1 1 9 131 +9.9999999999999889e-01
1 1 9 135 +9.9999999999999933e-01
1 1 9 173 -9.9999999999999900e-01
1 1 9 191 +5.0000000000000089e-01
1 1 9 210 +5.0000000000000089e-01
1 1 9 230 -9.9999999999999967e-01
1 1 9 233 +1.9999999999999980e+00
1 1 9 236 +9.9999999999999878e-01
1 1 9 240 +9.9999999999999922e-01
1 1 9 245 +9.9999999999999933e-01
1 2 69 52 -9.9999999999999889e-01
1 5 213 1 -1.4142135623730949e+00
2 0 66 152 +1.7320508075688767e+00
2 2 77 0 +9.9999999999999967e-01
2 2 77 2 +1.0000000000000000e+00
2 2 77 9 +2.0000000000000013e+00
2 2 77 14 +9.9999999999999956e-01
2 2 77 20 +1.0000000000000000e+00
2 2 77 23 -1.0000000000000004e+00
2 2 77 24 +9.9999999999999956e-01
2 2 77 48 -1.0000000000000004e+00
2 2 77 56 -1.0000000000000009e+00
2 2 77 66 +2.0000000000000009e+00
2 2 77 68 +2.0000000000000018e+00
2 2 77 75 +1.0000000000000004e+00
2 2 77 86 +5.0000000000000144e-01
2 2 77 98 +5.0000000000000122e-01
2 2 77 125 -1.0000000000000000e+00
2 2 77 126 +9.9999999999999978e-01
2 2 77 128 +1.0000000000000002e+00
2 2 77 135 +2.0000000000000000e+00
2 2 77 156 +5.0000000000000089e-01
2 2 77 173 +5.0000000000000100e-01
2 2 77 210 -9.9999999999999978e-01
2 2 77 230 -9.9999999999999967e-01
2 2 77 231 +9.9999999999999967e-01
2 2 77 233 +1.0000000000000002e+00
2 2 77 240 +1.9999999999999996e+00
2 2 77 245 +9.9999999999999933e-01
2 3 89 8 -1.1547005383792521e+00
2 4 164 151 -1.2247448713915883e+00
2 4 164 168 +1.2247448713915887e+00
2 6 417 167 -1.7320508075688767e+00
3 1 81 55 -1.1547005383792521e+00
3 1 81 97 +5.7735026918962640e-01
3 1 81 172 +5.7735026918962606e-01
3 2 89 8 -1.1547005383792517e+00
3 2 89 45 +1.1547005383792515e+00
3 2 89 53 +1.1547005383792519e+00
3 2 89 57 -1.1547005383792508e+00
3 2 89 59 -1.1547005383792515e+00
3 2 89 74 -1.1547005383792515e+00
3 2 89 134 -1.1547005383792508e+00
3 2 89 239 -1.1547005383792508e+00
3 3 90 0 +9.9999999999999967e-01
3 3 90 2 +1.0000000000000000e+00
3 3 90 5 +1.0000000000000000e+00
3 3 90 9 +1.0000000000000002e+00
3 3 90 14 +9.9999999999999956e-01
3 3 90 20 +1.0000000000000000e+00
3 3 90 23 -1.0000000000000004e+00
3 3 90 24 +9.9999999999999956e-01
3 3 90 30 -9.9999999999999989e-01
3 3 90 35 -1.0000000000000002e+00
3 3 90 36 +9.9999999999999933e-01
3 3 90 38 +9.9999999999999978e-01
3 3 90 48 +3.3333333333333459e-01
3 3 90 56 +3.3333333333333448e-01
3 3 90 65 +3.3333333333333448e-01
3 3 90 66 +9.9999999999999956e-01
3 3 90 68 +1.0000000000000000e+00
3 3 90 71 +1.0000000000000000e+00
3 3 90 86 +3.3333333333333520e-01
3 3 90 98 +3.3333333333333526e-01
3 3 90 111 +3.3333333333333526e-01
3 3 90 125 -1.0000000000000007e+00
3 3 90 126 +9.9999999999999900e-01
3 3 90 128 +9.9999999999999956e-01
3 3 90 131 +9.9999999999999956e-01
3 3 90 135 +9.9999999999999956e-01
3 3 90 156 +3.3333333333333492e-01
3 3 90 173 +3.3333333333333470e-01
3 3 90 191 +3.3333333333333470e-01
3 3 90 210 -1.0000000000000004e+00
3 3 90 230 -9.9999999999999967e-01
3 3 90 231 +9.9999999999999889e-01
3 3 90 233 +9.9999999999999933e-01
3 3 90 236 +9.9999999999999933e-01
3 3 90 240 +9.9999999999999933e-01
3 3 90 245 +9.9999999999999933e-01
3 5 222 48 +8.1649658092772603e-01
3 5 222 56 -8.1649658092772659e-01
3 5 222 86 -4.0824829046386324e-01
3 5 222 98 +4.0824829046386346e-01
3 5 222 156 -4.0824829046386296e-01
3 5 222 173 +4.0824829046386329e-01
4 0 153 1 -1.4142135623730945e+00
4 0 153 25 -1.4142135623730943e+00
4 0 153 55 +1.4142135623730945e+00
4 0 153 67 -2.8284271247461890e+00
4 0 153 172 +1.4142135623730945e+00
4 0 153 232 -2.8284271247461890e+00
4 4 170 0 +9.9999999999999967e-01
4 4 170 2 +1.0000000000000000e+00
4 4 170 9 +2.0000000000000004e+00
4 4 170 20 +2.0000000000000004e+00
4 4 170 23 +9.9999999999999956e-01
4 4 170 24 +9.9999999999999956e-01
4 4 170 48 -9.9999999999999967e-01
4 4 170 56 -1.0000000000000000e+00
4 4 170 66 +1.9999999999999993e+00
4 4 170 68 +2.0000000000000000e+00
4 4 170 75 +1.0000000000000000e+00
4 4 170 156 -9.9999999999999967e-01
4 4 170 173 -1.0000000000000000e+00
4 4 170 210 -2.0000000000000004e+00
4 4 170 231 +1.9999999999999993e+00
4 4 170 233 +2.0000000000000000e+00
4 4 170 240 +4.0000000000000009e+00
4 4 170 251 +1.0000000000000000e+00
4 6 423 1 -1.4142135623730945e+00
5 1 213 1 -1.4142135623730945e+00
5 1 213 25 -1.4142135623730943e+00
5 1 213 34 +7.0710678118654691e-01
5 1 213 37 -1.4142135623730938e+00
5 1 213 55 +7.0710678118654702e-01
5 1 213 67 -1.4142135623730940e+00
5 1 213 97 +7.0710678118654657e-01
5 1 213 127 -1.4142135623730931e+00
5 1 213 172 +7.0710678118654657e-01
5 1 213 232 -1.4142135623730931e+00
5 2 221 45 +7.0710678118654691e-01
5 2 221 53 -7.0710678118654713e-01
5 4 227 187 +1.7320508075688761e+00
5 5 230 0 +9.9999999999999967e-01
5 5 230 2 +1.0000000000000000e+00
5 5 230 5 +9.9999999999999967e-01
5 5 230 9 +1.0000000000000000e+00
5 5 230 14 +9.9999999999999956e-01
5 5 230 20 +1.0000000000000000e+00
5 5 230 23 +9.9999999999999956e-01
5 5 230 24 +9.9999999999999956e-01
5 5 230 30 -4.9999999999999961e-01
5 5 230 35 -4.9999999999999978e-01
5 5 230 36 +9.9999999999999922e-01
5 5 230 38 +9.9999999999999956e-01
5 5 230 48 -4.9999999999999967e-01
5 5 230 56 -4.9999999999999983e-01
5 5 230 65 -1.0000000000000004e+00
5 5 230 66 +9.9999999999999933e-01
5 5 230 68 +9.9999999999999967e-01
5 5 230 71 +9.9999999999999956e-01
5 5 230 86 -4.9999999999999939e-01
5 5 230 98 -4.9999999999999950e-01
5 5 230 111 +5.0000000000000144e-01
5 5 230 125 +5.0000000000000144e-01
5 5 230 126 +9.9999999999999878e-01
5 5 230 128 +9.9999999999999900e-01
5 5 230 131 +9.9999999999999889e-01
5 5 230 135 +9.9999999999999933e-01
5 5 230 156 -4.9999999999999928e-01
5 5 230 173 -4.9999999999999944e-01
5 5 230 191 +5.0000000000000089e-01
5 5 230 210 +5.0000000000000089e-01
5 5 230 230 -9.9999999999999967e-01
5 5 230 231 +9.9999999999999856e-01
5 5 230 233 +9.9999999999999889e-01
5 5 230 236 +9.9999999999999878e-01
5 5 230 240 +9.9999999999999922e-01
5 5 230 245 +9.9999999999999933e-01
6 0 406 23 +1.0000000000000002e+00
6 4 423 1 -1.4142135623730949e+00
6 4 423 22 -1.4142135623730945e+00
6 4 423 55 +1.4142135623730949e+00
6 4 423 67 -2.8284271247461898e+00
6 4 423 172 +1.4142135623730949e+00
6 4 423 232 -2.8284271247461898e+00
6 6 434 0 +2.0000000000000004e+00
6 6 434 9 +2.0000000000000004e+00
6 6 434 20 +2.0000000000000004e+00
6 6 434 21 +1.0000000000000000e+00
6 6 434 48 -2.0000000000000004e+00
6 6 434 66 +4.0000000000000009e+00
6 6 434 75 +1.0000000000000000e+00
6 6 434 156 -2.0000000000000004e+00
6 6 434 210 -2.0000000000000004e+00
6 6 434 231 +4.0000000000000009e+00
6 6 434 240 +4.0000000000000009e+00
6 6 434 251 +1.0000000000000000e+00
7 0 780 48 +1.0000000000000002e+00
7 4 797 55 +1.4142135623730949e+00
7 6 808 56 +1.0000000000000002e+00
7 7 819 0 +2.0000000000000004e+00
7 7 819 2 +2.0000000000000004e+00
7 7 819 20 +2.0000000000000004e+00
7 7 819 21 +1.0000000000000000e+00
7 7 819 23 -2.0000000000000004e+00
7 7 819 24 +4.0000000000000009e+00
7 7 819 26 +1.0000000000000000e+00
7 7 819 156 -2.0000000000000004e+00
7 7 819 173 -2.0000000000000004e+00
7 7 819 231 +4.0000000000000009e+00
7 7 819 233 +4.0000000000000009e+00
7 7 819 251 +1.0000000000000000e+00
8 7 985 191 +1.0000000000000002e+00
8 8 989 0 +2.0000000000000004e+00
8 8 989 2 +2.0000000000000004e+00
8 8 989 5 +2.0000000000000004e+00
8 8 989 21 +1.0000000000000000e+00
8 8 989 23 -2.0000000000000004e+00
8 8 989 24 +4.0000000000000009e+00
8 8 989 26 +1.0000000000000000e+00
8 8 989 30 -2.0000000000000004e+00
8 8 989 35 -2.0000000000000004e+00
8 8 989 36 +4.0000000000000009e+00
8 8 989 38 +4.0000000000000009e+00
8 8 989 41 +1.0000000000000000e+00
which one
nterms 46
# bra_pos ket_pos ij pqrs coef
0 0 0 2 +2.0000000000000004e+00
0 0 0 9 +2.0000000000000004e+00
0 0 0 20 +2.0000000000000004e+00
0 4 153 1 -1.4142135623730949e+00
1 1 9 2 +2.0000000000000004e+00
1 1 9 5 +9.9999999999999967e-01
1 1 9 9 +1.0000000000000000e+00
1 1 9 14 +9.9999999999999956e-01
1 1 9 20 +1.0000000000000000e+00
1 5 213 1 -1.4142135623730949e+00
2 2 77 0 +9.9999999999999967e-01
2 2 77 2 +1.0000000000000000e+00
2 2 77 9 +2.0000000000000013e+00
2 2 77 14 +9.9999999999999956e-01
2 2 77 20 +1.0000000000000000e+00
2 3 89 8 -1.1547005383792521e+00
3 2 89 8 -1.1547005383792517e+00
3 3 90 0 +9.9999999999999967e-01
3 3 90 2 +1.0000000000000000e+00
3 3 90 5 +1.0000000000000000e+00
3 3 90 9 +1.0000000000000002e+00
3 3 90 14 +9.9999999999999956e-01
3 3 90 20 +1.0000000000000000e+00
4 0 153 1 -1.4142135623730945e+00
4 4 170 0 +9.9999999999999967e-01
4 4 170 2 +1.0000000000000000e+00
4 4 170 9 +2.0000000000000004e+00
4 4 170 20 +2.0000000000000004e+00
4 6 423 1 -1.4142135623730945e+00
5 1 213 1 -1.4142135623730945e+00
5 5 230 0 +9.9999999999999967e-01
5 5 230 2 +1.0000000000000000e+00
5 5 230 5 +9.9999999999999967e-01
5 5 230 9 +1.0000000000000000e+00
5 5 230 14 +9.9999999999999956e-01
5 5 230 20 +1.0000000000000000e+00
6 4 423 1 -1.4142135623730949e+00
6 6 434 0 +2.0000000000000004e+00
6 6 434 9 +2.0000000000000004e+00
6 6 434 20 +2.0000000000000004e+00
7 7 819 0 +2.0000000000000004e+00
7 7 819 2 +2.0000000000000004e+00
7 7 819 20 +2.0000000000000004e+00
8 8 989 0 +2.0000000000000004e+00
8 8 989 2 +2.0000000000000004e+00
8 8 989 5 +2.0000000000000004e+00
