 CSF List 
["e", "u", "u", "f"]
["e", "u", "f", "u"]
["e", "f", "u", "u"]
["u", "e", "u", "f"]
["u", "e", "f", "u"]
["u", "u", "e", "f"]
["u", "u", "u", "d"]
["u", "u", "d", "u"]
["u", "u", "f", "e"]
["u", "d", "u", "u"]
["u", "f", "e", "u"]
["u", "f", "u", "e"]
["f", "e", "u", "u"]
["f", "u", "e", "u"]
["f", "u", "u", "e"]
 Energy Expression 
       I       J       pqrs     Coef 
       1       1             2      9.9999999999999967e-01 
       1       1             5      1.0000000000000000e+00 
       1       1             9      2.0000000000000013e+00 
       1       2             8     -9.9999999999999956e-01 
       1       3             7      9.9999999999999978e-01 
       1       4             1      9.9999999999999967e-01 
       1       6             3     -9.9999999999999922e-01 
       1       7             6     -1.1547005383792519e+00 
       1       8             6     -4.0824829046386296e-01 
       1      10             6     -7.0710678118654702e-01 
       2       1             8     -9.9999999999999967e-01 
       2       2             2      9.9999999999999967e-01 
       2       2             5      1.9999999999999996e+00 
       2       2             9      1.0000000000000000e+00 
       2       3             4     -9.9999999999999967e-01 
       2       5             1      9.9999999999999967e-01 
       2       8             3      1.2247448713915881e+00 
       2       9             6     -9.9999999999999878e-01 
       2      10             3      7.0710678118654691e-01 
       3       1             7      9.9999999999999922e-01 
       3       2             4     -9.9999999999999967e-01 
       3       3             2      2.0000000000000004e+00 
       3       3             5      9.9999999999999967e-01 
       3       3             9      1.0000000000000000e+00 
       3      10             1     -1.4142135623730949e+00 
       3      11             3      9.9999999999999956e-01 
       3      12             6     -9.9999999999999900e-01 
       4       1             1      9.9999999999999967e-01 
       4       4             0      9.9999999999999967e-01 
       4       4             5      1.0000000000000000e+00 
       4       4             9      2.0000000000000013e+00 
       4       5             8     -9.9999999999999956e-01 
       4       6             4      9.9999999999999967e-01 
       4       7             7      1.1547005383792524e+00 
       4       8             7      4.0824829046386307e-01 
       4      10             7     -7.0710678118654713e-01 
       4      13             6      9.9999999999999933e-01 
       5       2             1      9.9999999999999967e-01 
       5       4             8     -9.9999999999999967e-01 
       5       5             0      9.9999999999999967e-01 
       5       5             5      1.9999999999999996e+00 
       5       5             9      1.0000000000000000e+00 
       5       8             4     -1.2247448713915883e+00 
       5       9             7      9.9999999999999900e-01 
       5      10             4      7.0710678118654713e-01 
       5      13             3     -9.9999999999999933e-01 
       6       1             3     -9.9999999999999978e-01 
       6       4             4      9.9999999999999956e-01 
       6       6             0      9.9999999999999967e-01 
       6       6             2      1.0000000000000000e+00 
       6       6             9      2.0000000000000013e+00 
       6       7             8     -1.1547005383792521e+00 
       6       8             8      8.1649658092772570e-01 
       6      11             7     -9.9999999999999933e-01 
       6      14             6      9.9999999999999956e-01 
       7       1             6     -1.1547005383792517e+00 
       7       4             7      1.1547005383792515e+00 
       7       6             8     -1.1547005383792517e+00 
       7       7             0      9.9999999999999967e-01 
       7       7             2      1.0000000000000000e+00 
       7       7             5      1.0000000000000000e+00 
       7       7             9      1.0000000000000002e+00 
       7       9             8     -1.1547005383792517e+00 
       7      12             7      1.1547005383792515e+00 
       7      15             6     -1.1547005383792517e+00 
       8       1             6     -4.0824829046386285e-01 
       8       2             3      1.2247448713915881e+00 
       8       4             7      4.0824829046386280e-01 
       8       5             4     -1.2247448713915876e+00 
       8       6             8      8.1649658092772592e-01 
       8       8             0      9.9999999999999967e-01 
       8       8             2      1.0000000000000000e+00 
       8       8             5      9.9999999999999956e-01 
       8       8             9      1.0000000000000000e+00 
       8       9             8      8.1649658092772592e-01 
       8      11             4     -1.2247448713915876e+00 
       8      12             7      4.0824829046386280e-01 
       8      14             3      1.2247448713915881e+00 
       8      15             6     -4.0824829046386285e-01 
       9       2             6     -9.9999999999999956e-01 
       9       5             7      9.9999999999999933e-01 
       9       7             8     -1.1547005383792521e+00 
       9       8             8      8.1649658092772570e-01 
       9       9             0      9.9999999999999967e-01 
       9       9             2      1.0000000000000000e+00 
       9       9             5      2.0000000000000013e+00 
       9      12             4     -9.9999999999999956e-01 
       9      15             3      9.9999999999999978e-01 
      10       1             6     -7.0710678118654691e-01 
      10       2             3      7.0710678118654724e-01 
      10       3             1     -1.4142135623730945e+00 
      10       4             7     -7.0710678118654668e-01 
      10       5             4      7.0710678118654702e-01 
      10      10             0      9.9999999999999967e-01 
      10      10             2      1.0000000000000000e+00 
      10      10             5      9.9999999999999967e-01 
      10      10             9      1.0000000000000000e+00 
      10      11             4      7.0710678118654702e-01 
      10      12             7     -7.0710678118654668e-01 
      10      13             1     -1.4142135623730945e+00 
      10      14             3      7.0710678118654724e-01 
      10      15             6     -7.0710678118654691e-01 
      11       3             3      9.9999999999999933e-01 
      11       6             7     -9.9999999999999900e-01 
      11       8             4     -1.2247448713915883e+00 
      11      10             4      7.0710678118654713e-01 
      11      11             0      9.9999999999999967e-01 
      11      11             2      1.9999999999999996e+00 
      11      11             9      1.0000000000000000e+00 
      11      12             8      9.9999999999999967e-01 
      11      14             1     -9.9999999999999967e-01 
      12       3             6     -9.9999999999999933e-01 
      12       7             7      1.1547005383792524e+00 
      12       8             7      4.0824829046386307e-01 
      12       9             4     -9.9999999999999967e-01 
      12      10             7     -7.0710678118654713e-01 
      12      11             8      9.9999999999999956e-01 
      12      12             0      9.9999999999999967e-01 
      12      12             2      1.9999999999999996e+00 
      12      12             5      1.0000000000000000e+00 
      12      15             1     -9.9999999999999967e-01 
      13       4             6      9.9999999999999900e-01 
      13       5             3     -9.9999999999999956e-01 
      13      10             1     -1.4142135623730949e+00 
      13      13             0      2.0000000000000004e+00 
      13      13             5      9.9999999999999967e-01 
      13      13             9      1.0000000000000000e+00 
      13      14             4      9.9999999999999967e-01 
      13      15             7     -9.9999999999999922e-01 
      14       6             6      9.9999999999999878e-01 
      14       8             3      1.2247448713915881e+00 
      14      10             3      7.0710678118654691e-01 
      14      11             1     -9.9999999999999967e-01 
      14      13             4      9.9999999999999967e-01 
      14      14             0      2.0000000000000004e+00 
      14      14             2      9.9999999999999967e-01 
      14      14             9      1.0000000000000000e+00 
      14      15             8      9.9999999999999967e-01 
      15       7             6     -1.1547005383792519e+00 
      15       8             6     -4.0824829046386296e-01 
      15       9             3      9.9999999999999922e-01 
      15      10             6     -7.0710678118654702e-01 
      15      12             1     -9.9999999999999967e-01 
      15      13             7     -9.9999999999999978e-01 
      15      14             8      9.9999999999999956e-01 
      15      15             0      2.0000000000000004e+00 
      15      15             2      9.9999999999999967e-01 
      15      15             5      1.0000000000000000e+00 
