 CSF List 
["e", "u", "u", "f"]
["e", "u", "f", "u"]
["e", "f", "u", "u"]
["u", "e", "u", "f"]
["u", "e", "f", "u"]
["u", "u", "e", "f"]
["u", "u", "u", "d"]
["u", "u", "d", "u"]
["u", "u", "f", "e"]
["u", "d", "u", "u"]
["u", "f", "e", "u"]
["u", "f", "u", "e"]
["f", "e", "u", "u"]
["f", "u", "e", "u"]
["f", "u", "u", "e"]
 Energy Expression 
       I       J       pqrs     Coef 
       1       1             2      9.9999999999999967e-01 
       1       1             5      1.0000000000000000e+00 
       1       1             9      2.0000000000000013e+00 
       1       1            24     -1.0000000000000004e+00 
       1       1            45     -1.0000000000000000e+00 
       1       1            54     -1.0000000000000004e+00 
       1       1            27      9.9999999999999956e-01 
       1       1            57      2.0000000000000000e+00 
       1       1            60      2.0000000000000009e+00 
       1       1            64      1.0000000000000004e+00 
       1       2             8     -9.9999999999999956e-01 
       1       3             7      9.9999999999999978e-01 
       1       4             1      9.9999999999999967e-01 
       1       6             3     -9.9999999999999922e-01 
       1       7             6     -1.1547005383792519e+00 
       1       8             6     -4.0824829046386296e-01 
       1      10             6     -7.0710678118654702e-01 
       2       1             8     -9.9999999999999967e-01 
       2       1            48     -9.9999999999999922e-01 
       2       1            63     -9.9999999999999933e-01 
       2       1            51     -9.9999999999999933e-01 
       2       2             2      9.9999999999999967e-01 
       2       2             5      1.9999999999999996e+00 
       2       2             9      1.0000000000000000e+00 
       2       2            24     -9.9999999999999933e-01 
       2       2            45     -1.0000000000000000e+00 
       2       2            54     -9.9999999999999967e-01 
       2       2            27      1.9999999999999987e+00 
       2       2            57      9.9999999999999922e-01 
       2       2            60      1.9999999999999993e+00 
       2       2            30      9.9999999999999967e-01 
       2       3             4     -9.9999999999999967e-01 
       2       4            47     -9.9999999999999922e-01 
       2       5             1      9.9999999999999967e-01 
       2       6            49      9.9999999999999878e-01 
       2       8             3      1.2247448713915881e+00 
       2       9             6     -9.9999999999999878e-01 
       2      10             3      7.0710678118654691e-01 
       3       1             7      9.9999999999999922e-01 
       3       1            43      9.9999999999999900e-01 
       3       1            62      9.9999999999999900e-01 
       3       1            40      9.9999999999999900e-01 
       3       2             4     -9.9999999999999967e-01 
       3       2            59     -9.9999999999999956e-01 
       3       2            29     -9.9999999999999956e-01 
       3       2            22     -9.9999999999999956e-01 
       3       3             2      2.0000000000000004e+00 
       3       3             5      9.9999999999999967e-01 
       3       3             9      1.0000000000000000e+00 
       3       3            24     -9.9999999999999967e-01 
       3       3            45     -9.9999999999999978e-01 
       3       3            54     -1.0000000000000004e+00 
       3       3            27      1.9999999999999993e+00 
       3       3            57      1.9999999999999996e+00 
       3       3            60      9.9999999999999956e-01 
       3       3            15      1.0000000000000000e+00 
       3       4            39      9.9999999999999900e-01 
       3       5            21     -9.9999999999999956e-01 
       3       6            41     -9.9999999999999889e-01 
       3      10             1     -1.4142135623730949e+00 
       3      11             3      9.9999999999999956e-01 
       3      12             6     -9.9999999999999900e-01 
       4       1             1      9.9999999999999967e-01 
       4       1            23     -1.0000000000000004e+00 
       4       1            44     -1.0000000000000000e+00 
       4       1            26      9.9999999999999956e-01 
       4       1            56      2.0000000000000000e+00 
       4       4             0      9.9999999999999967e-01 
       4       4             5      1.0000000000000000e+00 
       4       4             9      2.0000000000000013e+00 
       4       4            19     -1.0000000000000000e+00 
       4       4            37     -9.9999999999999967e-01 
       4       4            54     -1.0000000000000004e+00 
       4       4            25      9.9999999999999922e-01 
       4       4            55      1.9999999999999993e+00 
       4       4            60      2.0000000000000009e+00 
       4       4            64      1.0000000000000004e+00 
       4       5             8     -9.9999999999999956e-01 
       4       6             4      9.9999999999999967e-01 
       4       7             7      1.1547005383792524e+00 
       4       8             7      4.0824829046386307e-01 
       4      10             7     -7.0710678118654713e-01 
       4      13             6      9.9999999999999933e-01 
       5       1            47     -9.9999999999999922e-01 
       5       2             1      9.9999999999999967e-01 
       5       2            23     -9.9999999999999933e-01 
       5       2            44     -1.0000000000000000e+00 
       5       2            26      1.9999999999999987e+00 
       5       2            56      9.9999999999999922e-01 
       5       4             8     -9.9999999999999967e-01 
       5       4            46     -9.9999999999999889e-01 
       5       4            63     -9.9999999999999933e-01 
       5       4            51     -9.9999999999999933e-01 
       5       5             0      9.9999999999999967e-01 
       5       5             5      1.9999999999999996e+00 
       5       5             9      1.0000000000000000e+00 
       5       5            19     -9.9999999999999900e-01 
       5       5            37     -9.9999999999999967e-01 
       5       5            54     -9.9999999999999967e-01 
       5       5            25      1.9999999999999980e+00 
       5       5            55      9.9999999999999889e-01 
       5       5            60      1.9999999999999993e+00 
       5       5            30      9.9999999999999967e-01 
       5       6            50     -9.9999999999999922e-01 
       5       8             4     -1.2247448713915883e+00 
       5       9             7      9.9999999999999900e-01 
       5      10             4      7.0710678118654713e-01 
       5      13             3     -9.9999999999999933e-01 
       6       1             3     -9.9999999999999978e-01 
       6       1            21      1.0000000000000004e+00 
       6       1            18     -9.9999999999999956e-01 
       6       1            52      1.0000000000000002e+00 
       6       1            58     -2.0000000000000004e+00 
       6       4             4      9.9999999999999956e-01 
       6       4            17     -9.9999999999999933e-01 
       6       4            20      9.9999999999999900e-01 
       6       4            53     -1.0000000000000000e+00 
       6       4            59      2.0000000000000000e+00 
       6       6             0      9.9999999999999967e-01 
       6       6             2      1.0000000000000000e+00 
       6       6             9      2.0000000000000013e+00 
       6       6            12     -1.0000000000000004e+00 
       6       6            37     -1.0000000000000004e+00 
       6       6            45     -1.0000000000000009e+00 
       6       6            13      9.9999999999999956e-01 
       6       6            55      2.0000000000000009e+00 
       6       6            57      2.0000000000000018e+00 
       6       6            64      1.0000000000000004e+00 
       6       7             8     -1.1547005383792521e+00 
       6       8             8      8.1649658092772570e-01 
       6      11             7     -9.9999999999999933e-01 
       6      14             6      9.9999999999999956e-01 
       7       1             6     -1.1547005383792517e+00 
       7       1            49      1.1547005383792519e+00 
       7       1            39      1.1547005383792528e+00 
       7       1            36     -1.1547005383792517e+00 
       7       1            33     -1.1547005383792515e+00 
       7       1            61     -1.1547005383792515e+00 
       7       2            52      1.1547005383792524e+00 
       7       3            44     -1.1547005383792521e+00 
       7       4             7      1.1547005383792515e+00 
       7       4            50     -1.1547005383792519e+00 
       7       4            43      1.1547005383792515e+00 
       7       4            32     -1.1547005383792512e+00 
       7       4            38      1.1547005383792508e+00 
       7       4            62      1.1547005383792512e+00 
       7       5            53     -1.1547005383792521e+00 
       7       6             8     -1.1547005383792517e+00 
       7       6            34      1.1547005383792515e+00 
       7       6            42      1.1547005383792519e+00 
       7       6            46     -1.1547005383792508e+00 
       7       6            48     -1.1547005383792515e+00 
       7       6            63     -1.1547005383792515e+00 
       7       7             0      9.9999999999999967e-01 
       7       7             2      1.0000000000000000e+00 
       7       7             5      1.0000000000000000e+00 
       7       7             9      1.0000000000000002e+00 
       7       7            12     -1.0000000000000004e+00 
       7       7            19     -9.9999999999999989e-01 
       7       7            37      3.3333333333333459e-01 
       7       7            24     -1.0000000000000002e+00 
       7       7            45      3.3333333333333448e-01 
       7       7            54      3.3333333333333448e-01 
       7       7            13      9.9999999999999956e-01 
       7       7            25      9.9999999999999933e-01 
       7       7            55      9.9999999999999956e-01 
       7       7            27      9.9999999999999978e-01 
       7       7            57      1.0000000000000000e+00 
       7       7            60      1.0000000000000000e+00 
       7       8            37      4.7140452079103234e-01 
       7       8            45      4.7140452079103240e-01 
       7       8            54     -9.4280904158206469e-01 
       7       9             8     -1.1547005383792517e+00 
       7      10            37      8.1649658092772603e-01 
       7      10            45     -8.1649658092772659e-01 
       7      12             7      1.1547005383792515e+00 
       7      15             6     -1.1547005383792517e+00 
       8       1             6     -4.0824829046386285e-01 
       8       1            49     -8.1649658092772759e-01 
       8       1            39      4.0824829046386324e-01 
       8       1            36     -4.0824829046386280e-01 
       8       1            33     -4.0824829046386280e-01 
       8       1            61     -4.0824829046386280e-01 
       8       2             3      1.2247448713915881e+00 
       8       2            21     -1.2247448713915889e+00 
       8       2            18      1.2247448713915876e+00 
       8       2            52     -8.1649658092772581e-01 
       8       2            58      1.2247448713915878e+00 
       8       2            28      1.2247448713915878e+00 
       8       3            23     -1.2247448713915892e+00 
       8       3            44     -4.0824829046386346e-01 
       8       4             7      4.0824829046386280e-01 
       8       4            50      8.1649658092772737e-01 
       8       4            43      4.0824829046386274e-01 
       8       4            32     -4.0824829046386274e-01 
       8       4            38      4.0824829046386257e-01 
       8       4            62      4.0824829046386268e-01 
       8       5             4     -1.2247448713915876e+00 
       8       5            17      1.2247448713915874e+00 
       8       5            20     -1.2247448713915869e+00 
       8       5            53      8.1649658092772548e-01 
       8       5            59     -1.2247448713915874e+00 
       8       5            29     -1.2247448713915876e+00 
       8       6             8      8.1649658092772592e-01 
       8       6            34      4.0824829046386346e-01 
       8       6            42      4.0824829046386335e-01 
       8       6            46      8.1649658092772537e-01 
       8       6            48      8.1649658092772581e-01 
       8       6            63      8.1649658092772570e-01 
       8       8             0      9.9999999999999967e-01 
       8       8             2      1.0000000000000000e+00 
       8       8             5      9.9999999999999956e-01 
       8       8             9      1.0000000000000000e+00 
       8       8            12     -1.0000000000000004e+00 
       8       8            19      5.0000000000000144e-01 
       8       8            37     -8.3333333333333348e-01 
       8       8            24      5.0000000000000144e-01 
       8       8            45     -8.3333333333333370e-01 
       8       8            54     -3.3333333333333265e-01 
       8       8            13      9.9999999999999956e-01 
       8       8            25      9.9999999999999889e-01 
       8       8            55      9.9999999999999878e-01 
       8       8            27      9.9999999999999933e-01 
       8       8            57      9.9999999999999922e-01 
       8       8            60      9.9999999999999933e-01 
       8       9             8      8.1649658092772592e-01 
       8      10            19      8.6602540378443849e-01 
       8      10            37      2.8867513459481314e-01 
       8      10            24     -8.6602540378443893e-01 
       8      10            45     -2.8867513459481331e-01 
       8      11             4     -1.2247448713915876e+00 
       8      12             7      4.0824829046386280e-01 
       8      14             3      1.2247448713915881e+00 
       8      15             6     -4.0824829046386285e-01 
       9       1            52      1.0000000000000002e+00 
       9       2             6     -9.9999999999999956e-01 
       9       2            49      9.9999999999999967e-01 
       9       2            39      1.0000000000000004e+00 
       9       2            36     -1.9999999999999993e+00 
       9       2            33     -9.9999999999999944e-01 
       9       3            35      9.9999999999999989e-01 
       9       4            53     -1.0000000000000000e+00 
       9       5             7      9.9999999999999933e-01 
       9       5            50     -9.9999999999999956e-01 
       9       5            43      1.9999999999999991e+00 
       9       5            32     -9.9999999999999933e-01 
       9       5            38      9.9999999999999889e-01 
       9       6            54      1.0000000000000011e+00 
       9       7             8     -1.1547005383792521e+00 
       9       7            46     -1.1547005383792515e+00 
       9       7            48     -1.1547005383792519e+00 
       9       7            51     -1.1547005383792519e+00 
       9       8             8      8.1649658092772570e-01 
       9       8            34     -1.2247448713915894e+00 
       9       8            42     -1.2247448713915901e+00 
       9       8            46      8.1649658092772515e-01 
       9       8            48      8.1649658092772559e-01 
       9       8            51      8.1649658092772559e-01 
       9       9             0      9.9999999999999967e-01 
       9       9             2      1.0000000000000000e+00 
       9       9             5      2.0000000000000013e+00 
       9       9            12     -1.0000000000000004e+00 
       9       9            19     -1.0000000000000000e+00 
       9       9            24     -1.0000000000000004e+00 
       9       9            13      9.9999999999999956e-01 
       9       9            25      2.0000000000000000e+00 
       9       9            27      2.0000000000000009e+00 
       9       9            30      1.0000000000000004e+00 
       9      10            34     -7.0710678118654724e-01 
       9      10            42      7.0710678118654757e-01 
       9      11            50     -9.9999999999999956e-01 
       9      12             4     -9.9999999999999956e-01 
       9      13            41     -9.9999999999999989e-01 
       9      14            49      9.9999999999999967e-01 
       9      15             3      9.9999999999999978e-01 
      10       1             6     -7.0710678118654691e-01 
      10       1            39     -7.0710678118654668e-01 
      10       1            36     -7.0710678118654680e-01 
      10       1            33     -7.0710678118654680e-01 
      10       1            61     -7.0710678118654668e-01 
      10       2             3      7.0710678118654724e-01 
      10       2            21      7.0710678118654702e-01 
      10       2            18      7.0710678118654713e-01 
      10       2            58      7.0710678118654713e-01 
      10       2            28      7.0710678118654713e-01 
      10       3             1     -1.4142135623730945e+00 
      10       3            23      7.0710678118654691e-01 
      10       3            44      7.0710678118654702e-01 
      10       3            26     -1.4142135623730938e+00 
      10       3            56     -1.4142135623730940e+00 
      10       3            14     -1.4142135623730943e+00 
      10       4             7     -7.0710678118654668e-01 
      10       4            43     -7.0710678118654657e-01 
      10       4            32     -7.0710678118654646e-01 
      10       4            38     -7.0710678118654635e-01 
      10       4            62     -7.0710678118654646e-01 
      10       5             4      7.0710678118654702e-01 
      10       5            17      7.0710678118654680e-01 
      10       5            20      7.0710678118654668e-01 
      10       5            59      7.0710678118654691e-01 
      10       5            29      7.0710678118654691e-01 
      10       6            34      7.0710678118654691e-01 
      10       6            42     -7.0710678118654713e-01 
      10      10             0      9.9999999999999967e-01 
      10      10             2      1.0000000000000000e+00 
      10      10             5      9.9999999999999967e-01 
      10      10             9      1.0000000000000000e+00 
      10      10            12      9.9999999999999956e-01 
      10      10            19     -4.9999999999999961e-01 
      10      10            37     -4.9999999999999967e-01 
      10      10            24     -4.9999999999999978e-01 
      10      10            45     -4.9999999999999983e-01 
      10      10            54     -1.0000000000000004e+00 
      10      10            13      9.9999999999999956e-01 
      10      10            25      9.9999999999999922e-01 
      10      10            55      9.9999999999999933e-01 
      10      10            27      9.9999999999999956e-01 
      10      10            57      9.9999999999999967e-01 
      10      10            60      9.9999999999999956e-01 
      10      11             4      7.0710678118654702e-01 
      10      12             7     -7.0710678118654668e-01 
      10      13             1     -1.4142135623730945e+00 
      10      14             3      7.0710678118654724e-01 
      10      15             6     -7.0710678118654691e-01 
      11       1            41      1.0000000000000002e+00 
      11       2            23     -9.9999999999999933e-01 
      11       3             3      9.9999999999999933e-01 
      11       3            21     -9.9999999999999933e-01 
      11       3            18      1.9999999999999987e+00 
      11       3            52     -1.0000000000000002e+00 
      11       3            58      9.9999999999999922e-01 
      11       4            42     -9.9999999999999933e-01 
      11       5            24      9.9999999999999956e-01 
      11       6             7     -9.9999999999999900e-01 
      11       6            38     -9.9999999999999856e-01 
      11       6            62     -9.9999999999999878e-01 
      11       6            40     -9.9999999999999878e-01 
      11       7            53      1.1547005383792528e+00 
      11       8             4     -1.2247448713915883e+00 
      11       8            20     -1.2247448713915878e+00 
      11       8            53      4.0824829046386246e-01 
      11       8            59     -1.2247448713915881e+00 
      11       8            22     -1.2247448713915881e+00 
      11      10             4      7.0710678118654713e-01 
      11      10            17     -1.4142135623730936e+00 
      11      10            20      7.0710678118654691e-01 
      11      10            53     -7.0710678118654768e-01 
      11      10            59      7.0710678118654702e-01 
      11      10            22      7.0710678118654702e-01 
      11      11             0      9.9999999999999967e-01 
      11      11             2      1.9999999999999996e+00 
      11      11             9      1.0000000000000000e+00 
      11      11            12     -9.9999999999999933e-01 
      11      11            37     -9.9999999999999967e-01 
      11      11            45     -9.9999999999999933e-01 
      11      11            13      1.9999999999999987e+00 
      11      11            55      9.9999999999999889e-01 
      11      11            57      1.9999999999999987e+00 
      11      11            15      9.9999999999999967e-01 
      11      12             8      9.9999999999999967e-01 
      11      13            21     -9.9999999999999933e-01 
      11      14             1     -9.9999999999999967e-01 
      12       1            44     -1.0000000000000000e+00 
      12       2            35      9.9999999999999933e-01 
      12       3             6     -9.9999999999999933e-01 
      12       3            49      1.0000000000000004e+00 
      12       3            39      9.9999999999999933e-01 
      12       3            36     -9.9999999999999933e-01 
      12       3            33     -1.9999999999999987e+00 
      12       4            45      1.0000000000000002e+00 
      12       5            42     -9.9999999999999933e-01 
      12       6            53     -1.0000000000000002e+00 
      12       7             7      1.1547005383792524e+00 
      12       7            43      1.1547005383792524e+00 
      12       7            38      1.1547005383792519e+00 
      12       7            40      1.1547005383792521e+00 
      12       8             7      4.0824829046386307e-01 
      12       8            50     -1.2247448713915892e+00 
      12       8            43      4.0824829046386307e-01 
      12       8            38      4.0824829046386291e-01 
      12       8            40      4.0824829046386296e-01 
      12       9             4     -9.9999999999999967e-01 
      12       9            20     -9.9999999999999922e-01 
      12       9            29     -9.9999999999999933e-01 
      12       9            22     -9.9999999999999933e-01 
      12      10             7     -7.0710678118654713e-01 
      12      10            50      7.0710678118654791e-01 
      12      10            43     -7.0710678118654713e-01 
      12      10            32      1.4142135623730936e+00 
      12      10            38     -7.0710678118654691e-01 
      12      10            40     -7.0710678118654702e-01 
      12      11             8      9.9999999999999956e-01 
      12      11            34     -9.9999999999999889e-01 
      12      11            42     -9.9999999999999933e-01 
      12      11            46      9.9999999999999878e-01 
      12      11            48      1.9999999999999987e+00 
      12      12             0      9.9999999999999967e-01 
      12      12             2      1.9999999999999996e+00 
      12      12             5      1.0000000000000000e+00 
      12      12            12     -9.9999999999999933e-01 
      12      12            19     -1.0000000000000000e+00 
      12      12            24     -9.9999999999999967e-01 
      12      12            13      1.9999999999999987e+00 
      12      12            25      9.9999999999999922e-01 
      12      12            27      1.9999999999999993e+00 
      12      12            15      9.9999999999999967e-01 
      12      13            39      9.9999999999999933e-01 
      12      14            47     -9.9999999999999900e-01 
      12      15             1     -9.9999999999999967e-01 
      13       1            32      9.9999999999999922e-01 
      13       2            17     -9.9999999999999967e-01 
      13       3            12      1.0000000000000002e+00 
      13       4             6      9.9999999999999900e-01 
      13       4            36      9.9999999999999889e-01 
      13       4            61      9.9999999999999878e-01 
      13       4            31      9.9999999999999889e-01 
      13       5             3     -9.9999999999999956e-01 
      13       5            58     -9.9999999999999933e-01 
      13       5            28     -9.9999999999999933e-01 
      13       5            16     -9.9999999999999933e-01 
      13       6            35      9.9999999999999889e-01 
      13       7            44      1.1547005383792504e+00 
      13       8            23      1.2247448713915876e+00 
      13       8            44      4.0824829046386335e-01 
      13      10             1     -1.4142135623730949e+00 
      13      10            23      7.0710678118654713e-01 
      13      10            44      7.0710678118654713e-01 
      13      10            26     -1.4142135623730943e+00 
      13      10            56     -1.4142135623730943e+00 
      13      10            11     -1.4142135623730945e+00 
      13      13             0      2.0000000000000004e+00 
      13      13             5      9.9999999999999967e-01 
      13      13             9      1.0000000000000000e+00 
      13      13            19     -9.9999999999999967e-01 
      13      13            37     -9.9999999999999978e-01 
      13      13            54     -1.0000000000000004e+00 
      13      13            25      1.9999999999999993e+00 
      13      13            55      1.9999999999999996e+00 
      13      13            60      9.9999999999999956e-01 
      13      13            10      1.0000000000000000e+00 
      13      14             4      9.9999999999999967e-01 
      13      15             7     -9.9999999999999922e-01 
      14       1            34     -9.9999999999999956e-01 
      14       2            19      9.9999999999999967e-01 
      14       3            17     -9.9999999999999967e-01 
      14       4            35      1.0000000000000002e+00 
      14       5            23     -9.9999999999999933e-01 
      14       6             6      9.9999999999999878e-01 
      14       6            33      9.9999999999999845e-01 
      14       6            61      9.9999999999999845e-01 
      14       6            31      9.9999999999999845e-01 
      14       7            52     -1.1547005383792524e+00 
      14       8             3      1.2247448713915881e+00 
      14       8            18      1.2247448713915876e+00 
      14       8            52     -4.0824829046386241e-01 
      14       8            58      1.2247448713915878e+00 
      14       8            16      1.2247448713915876e+00 
      14      10             3      7.0710678118654691e-01 
      14      10            21     -1.4142135623730936e+00 
      14      10            18      7.0710678118654680e-01 
      14      10            52     -7.0710678118654746e-01 
      14      10            58      7.0710678118654680e-01 
      14      10            16      7.0710678118654680e-01 
      14      11             1     -9.9999999999999967e-01 
      14      11            56     -9.9999999999999922e-01 
      14      11            14     -9.9999999999999956e-01 
      14      11            11     -9.9999999999999956e-01 
      14      13             4      9.9999999999999967e-01 
      14      13            17     -9.9999999999999967e-01 
      14      13            20      1.9999999999999993e+00 
      14      13            53     -1.0000000000000004e+00 
      14      13            59      9.9999999999999956e-01 
      14      14             0      2.0000000000000004e+00 
      14      14             2      9.9999999999999967e-01 
      14      14             9      1.0000000000000000e+00 
      14      14            12     -9.9999999999999967e-01 
      14      14            37     -9.9999999999999956e-01 
      14      14            45     -1.0000000000000000e+00 
      14      14            13      1.9999999999999993e+00 
      14      14            55      1.9999999999999991e+00 
      14      14            57      9.9999999999999922e-01 
      14      14            10      1.0000000000000000e+00 
      14      15             8      9.9999999999999967e-01 
      15       1            37      1.0000000000000002e+00 
      15       2            34     -9.9999999999999944e-01 
      15       3            32      9.9999999999999967e-01 
      15       4            44     -1.0000000000000000e+00 
      15       5            41      9.9999999999999933e-01 
      15       6            52      9.9999999999999967e-01 
      15       7             6     -1.1547005383792519e+00 
      15       7            36     -1.1547005383792517e+00 
      15       7            33     -1.1547005383792517e+00 
      15       7            31     -1.1547005383792517e+00 
      15       8             6     -4.0824829046386296e-01 
      15       8            49      1.2247448713915885e+00 
      15       8            36     -4.0824829046386291e-01 
      15       8            33     -4.0824829046386285e-01 
      15       8            31     -4.0824829046386285e-01 
      15       9             3      9.9999999999999922e-01 
      15       9            18      9.9999999999999900e-01 
      15       9            28      9.9999999999999900e-01 
      15       9            16      9.9999999999999900e-01 
      15      10             6     -7.0710678118654702e-01 
      15      10            49      7.0710678118654757e-01 
      15      10            39      1.4142135623730936e+00 
      15      10            36     -7.0710678118654691e-01 
      15      10            33     -7.0710678118654680e-01 
      15      10            31     -7.0710678118654680e-01 
      15      11            47     -9.9999999999999900e-01 
      15      12             1     -9.9999999999999967e-01 
      15      12            26     -9.9999999999999956e-01 
      15      12            14     -9.9999999999999956e-01 
      15      12            11     -9.9999999999999956e-01 
      15      13             7     -9.9999999999999978e-01 
      15      13            50      1.0000000000000004e+00 
      15      13            43     -9.9999999999999956e-01 
      15      13            32      9.9999999999999967e-01 
      15      13            38     -1.9999999999999993e+00 
      15      14             8      9.9999999999999956e-01 
      15      14            34     -9.9999999999999944e-01 
      15      14            42     -9.9999999999999933e-01 
      15      14            46      1.9999999999999989e+00 
      15      14            48      9.9999999999999900e-01 
      15      15             0      2.0000000000000004e+00 
      15      15             2      9.9999999999999967e-01 
      15      15             5      1.0000000000000000e+00 
      15      15            12     -9.9999999999999967e-01 
      15      15            19     -9.9999999999999978e-01 
      15      15            24     -1.0000000000000004e+00 
      15      15            13      1.9999999999999993e+00 
      15      15            25      1.9999999999999996e+00 
      15      15            27      9.9999999999999956e-01 
      15      15            10      1.0000000000000000e+00 
