 CSF List 
["u", "f", "e", "u", "d", "d"]
["u", "f", "e", "d", "u", "d"]
["u", "f", "e", "d", "f", "e"]
["u", "f", "e", "f", "e", "d"]
["u", "f", "e", "f", "d", "e"]
["u", "f", "u", "e", "d", "d"]
["u", "f", "u", "d", "e", "d"]
["u", "f", "u", "d", "d", "e"]
["u", "f", "d", "e", "u", "d"]
["u", "f", "d", "e", "f", "e"]
["u", "f", "d", "u", "e", "d"]
["u", "f", "d", "u", "d", "e"]
["u", "f", "d", "f", "e", "e"]
["u", "f", "f", "e", "e", "d"]
["u", "f", "f", "e", "d", "e"]
["u", "f", "f", "d", "e", "e"]
["f", "u", "e", "u", "d", "d"]
["f", "u", "e", "d", "u", "d"]
["f", "u", "e", "d", "f", "e"]
["f", "u", "e", "f", "e", "d"]
["f", "u", "e", "f", "d", "e"]
["f", "u", "u", "e", "d", "d"]
["f", "u", "u", "d", "e", "d"]
["f", "u", "u", "d", "d", "e"]
["f", "u", "d", "e", "u", "d"]
["f", "u", "d", "e", "f", "e"]
["f", "u", "d", "u", "e", "d"]
["f", "u", "d", "u", "d", "e"]
["f", "u", "d", "f", "e", "e"]
["f", "u", "f", "e", "e", "d"]
["f", "u", "f", "e", "d", "e"]
["f", "u", "f", "d", "e", "e"]
["f", "f", "e", "e", "u", "d"]
["f", "f", "e", "e", "f", "e"]
["f", "f", "e", "u", "e", "d"]
["f", "f", "e", "u", "d", "e"]
["f", "f", "e", "f", "e", "e"]
["f", "f", "u", "e", "e", "d"]
["f", "f", "u", "e", "d", "e"]
["f", "f", "u", "d", "e", "e"]
["f", "f", "f", "e", "e", "e"]
 Energy Expression 
      IJ       pqrs     Coef 
       1             0      9.9999999999999967e-01 
       1             2      1.9999999999999996e+00 
       1             9      1.0000000000000000e+00 
       1            14      9.9999999999999956e-01 
       1            20      1.0000000000000000e+00 
       3             0      9.9999999999999967e-01 
       3             2      1.9999999999999996e+00 
       3            20      1.0000000000000000e+00 
       3             9      1.0000000000000000e+00 
       3            14      9.9999999999999967e-01 
       5            19     -1.4142135623730949e+00 
       6             0      9.9999999999999967e-01 
       6             2      1.9999999999999996e+00 
       6             9      1.0000000000000000e+00 
       6            14      2.0000000000000004e+00 
       7            13     -1.2247448713915883e+00 
       8            13      7.0710678118654713e-01 
      10             0      9.9999999999999967e-01 
      10             2      1.9999999999999996e+00 
      10            20      1.0000000000000000e+00 
      10             9      1.9999999999999996e+00 
      11            18      1.2247448713915881e+00 
      12            18      7.0710678118654724e-01 
      13            13     -9.9999999999999956e-01 
      14            19      9.9999999999999933e-01 
      15             0      9.9999999999999967e-01 
      15             2      1.9999999999999996e+00 
      15             9      1.9999999999999996e+00 
      15            14      1.0000000000000000e+00 
      16             8      9.9999999999999956e-01 
      21             0      9.9999999999999967e-01 
      21             2      1.9999999999999996e+00 
      21            14      9.9999999999999956e-01 
      21            20      1.0000000000000000e+00 
      21             5      1.0000000000000000e+00 
      22            12      4.9999999999999961e-01 
      23            12     -8.6602540378443749e-01 
      25             8     -1.2247448713915876e+00 
      27            13      9.9999999999999967e-01 
      28             0      9.9999999999999967e-01 
      28             2      1.9999999999999996e+00 
      28            20      1.0000000000000000e+00 
      28             5      1.0000000000000000e+00 
      28             9      9.9999999999999956e-01 
      29            17     -4.9999999999999950e-01 
      30            17     -8.6602540378443749e-01 
      31            12      1.2247448713915874e+00 
      33             8     -1.2247448713915876e+00 
      34            18     -9.9999999999999956e-01 
      35            19      9.9999999999999933e-01 
      36             0      9.9999999999999967e-01 
      36             2      1.9999999999999996e+00 
      36            14      1.0000000000000000e+00 
      36             5      1.0000000000000000e+00 
      36             9      9.9999999999999956e-01 
      38             8      9.9999999999999933e-01 
      45             0      9.9999999999999967e-01 
      45             2      1.9999999999999996e+00 
      45            20      1.0000000000000000e+00 
      45            14      9.9999999999999967e-01 
      45             5      1.0000000000000000e+00 
      48             8      9.9999999999999933e-01 
      54            19     -1.4142135623730949e+00 
      55             0      9.9999999999999967e-01 
      55             2      1.9999999999999996e+00 
      55            14      2.0000000000000004e+00 
      55             5      1.0000000000000000e+00 
      56            12     -8.6602540378443738e-01 
      57            12     -4.9999999999999939e-01 
      59             8      7.0710678118654702e-01 
      64            13      9.9999999999999967e-01 
      66             0      9.9999999999999967e-01 
      66             2      1.9999999999999996e+00 
      66            20      1.0000000000000000e+00 
      66             5      1.0000000000000000e+00 
      66             9      9.9999999999999967e-01 
      67            17      8.6602540378443726e-01 
      68            17     -4.9999999999999939e-01 
      69            12      7.0710678118654657e-01 
      71             8      7.0710678118654702e-01 
      75            18      9.9999999999999967e-01 
      76            13     -1.4142135623730945e+00 
      77            19      9.9999999999999933e-01 
      78             0      9.9999999999999967e-01 
      78             2      1.9999999999999996e+00 
      78            14      1.0000000000000000e+00 
      78             5      1.0000000000000000e+00 
      78             9      9.9999999999999967e-01 
      82            17      9.9999999999999900e-01 
      83            12      9.9999999999999922e-01 
      89            18     -1.4142135623730945e+00 
      90            13     -1.4142135623730949e+00 
      91             0      9.9999999999999967e-01 
      91             2      1.9999999999999996e+00 
      91             5      1.0000000000000000e+00 
      91             9      2.0000000000000004e+00 
      97            12     -1.2247448713915876e+00 
      98             8     -1.2247448713915883e+00 
     100            12      7.0710678118654691e-01 
     102             8      7.0710678118654713e-01 
     105             0      9.9999999999999967e-01 
     105             2      1.9999999999999996e+00 
     105            20      1.0000000000000000e+00 
     105             5      1.9999999999999996e+00 
     111            17      1.2247448713915874e+00 
     113             8     -1.2247448713915883e+00 
     114            17      7.0710678118654702e-01 
     115            12     -9.9999999999999900e-01 
     117             8      7.0710678118654713e-01 
     119            19      9.9999999999999933e-01 
     120             0      9.9999999999999967e-01 
     120             2      1.9999999999999996e+00 
     120            14      1.0000000000000000e+00 
     120             5      1.9999999999999996e+00 
     127            17      1.2247448713915878e+00 
     128            12      1.2247448713915881e+00 
     131            17      7.0710678118654713e-01 
     132            12      7.0710678118654724e-01 
     133             8     -9.9999999999999956e-01 
     134            18      9.9999999999999922e-01 
     135            13      9.9999999999999933e-01 
     136             0      9.9999999999999967e-01 
     136             2      1.9999999999999996e+00 
     136             5      1.9999999999999996e+00 
     136             9      1.0000000000000000e+00 
     137             1     -9.9999999999999967e-01 
     153             9      1.0000000000000000e+00 
     153            14      9.9999999999999956e-01 
     153            20      1.0000000000000000e+00 
     153             0      2.0000000000000004e+00 
     153             2      9.9999999999999967e-01 
     155             1     -9.9999999999999967e-01 
     171            20      1.0000000000000000e+00 
     171             9      1.0000000000000000e+00 
     171            14      9.9999999999999967e-01 
     171             0      2.0000000000000004e+00 
     171             2      9.9999999999999967e-01 
     174             1     -9.9999999999999967e-01 
     189            19     -1.4142135623730949e+00 
     190             9      1.0000000000000000e+00 
     190            14      2.0000000000000004e+00 
     190             0      2.0000000000000004e+00 
     190             2      9.9999999999999967e-01 
     194             1     -9.9999999999999967e-01 
     207            13     -1.2247448713915883e+00 
     208            13      7.0710678118654713e-01 
     210            20      1.0000000000000000e+00 
     210             9      1.9999999999999996e+00 
     210             0      2.0000000000000004e+00 
     210             2      9.9999999999999967e-01 
     215             1     -9.9999999999999967e-01 
     227            18      1.2247448713915881e+00 
     228            18      7.0710678118654724e-01 
     229            13     -9.9999999999999956e-01 
     230            19      9.9999999999999933e-01 
     231             9      1.9999999999999996e+00 
     231            14      1.0000000000000000e+00 
     231             0      2.0000000000000004e+00 
     231             2      9.9999999999999967e-01 
     237             1     -9.9999999999999967e-01 
     248             8      9.9999999999999956e-01 
     253            14      9.9999999999999956e-01 
     253            20      1.0000000000000000e+00 
     253             5      1.0000000000000000e+00 
     253             0      2.0000000000000004e+00 
     253             2      9.9999999999999967e-01 
     260             1     -9.9999999999999967e-01 
     270            12      4.9999999999999961e-01 
     271            12     -8.6602540378443749e-01 
     273             8     -1.2247448713915876e+00 
     275            13      9.9999999999999967e-01 
     276            20      1.0000000000000000e+00 
     276             5      1.0000000000000000e+00 
     276             9      9.9999999999999956e-01 
     276             0      2.0000000000000004e+00 
     276             2      9.9999999999999967e-01 
     284             1     -9.9999999999999967e-01 
     293            17     -4.9999999999999950e-01 
     294            17     -8.6602540378443749e-01 
     295            12      1.2247448713915874e+00 
     297             8     -1.2247448713915876e+00 
     298            18     -9.9999999999999956e-01 
     299            19      9.9999999999999933e-01 
     300            14      1.0000000000000000e+00 
     300             5      1.0000000000000000e+00 
     300             9      9.9999999999999956e-01 
     300             0      2.0000000000000004e+00 
     300             2      9.9999999999999967e-01 
     309             1     -9.9999999999999967e-01 
     318             8      9.9999999999999933e-01 
     325            20      1.0000000000000000e+00 
     325            14      9.9999999999999967e-01 
     325             5      1.0000000000000000e+00 
     325             0      2.0000000000000004e+00 
     325             2      9.9999999999999967e-01 
     335             1     -9.9999999999999967e-01 
     344             8      9.9999999999999933e-01 
     350            19     -1.4142135623730949e+00 
     351            14      2.0000000000000004e+00 
     351             5      1.0000000000000000e+00 
     351             0      2.0000000000000004e+00 
     351             2      9.9999999999999967e-01 
     362             1     -9.9999999999999967e-01 
     368            12     -8.6602540378443738e-01 
     369            12     -4.9999999999999939e-01 
     371             8      7.0710678118654702e-01 
     376            13      9.9999999999999967e-01 
     378            20      1.0000000000000000e+00 
     378             5      1.0000000000000000e+00 
     378             9      9.9999999999999967e-01 
     378             0      2.0000000000000004e+00 
     378             2      9.9999999999999967e-01 
     390             1     -9.9999999999999967e-01 
     395            17      8.6602540378443726e-01 
     396            17     -4.9999999999999939e-01 
     397            12      7.0710678118654657e-01 
     399             8      7.0710678118654702e-01 
     403            18      9.9999999999999967e-01 
     404            13     -1.4142135623730945e+00 
     405            19      9.9999999999999933e-01 
     406            14      1.0000000000000000e+00 
     406             5      1.0000000000000000e+00 
     406             9      9.9999999999999967e-01 
     406             0      2.0000000000000004e+00 
     406             2      9.9999999999999967e-01 
     419             1     -9.9999999999999967e-01 
     426            17      9.9999999999999900e-01 
     427            12      9.9999999999999922e-01 
     433            18     -1.4142135623730945e+00 
     434            13     -1.4142135623730949e+00 
     435             5      1.0000000000000000e+00 
     435             9      2.0000000000000004e+00 
     435             0      2.0000000000000004e+00 
     435             2      9.9999999999999967e-01 
     449             1     -9.9999999999999967e-01 
     457            12     -1.2247448713915876e+00 
     458             8     -1.2247448713915883e+00 
     460            12      7.0710678118654691e-01 
     462             8      7.0710678118654713e-01 
     465            20      1.0000000000000000e+00 
     465             5      1.9999999999999996e+00 
     465             0      2.0000000000000004e+00 
     465             2      9.9999999999999967e-01 
     480             1     -9.9999999999999967e-01 
     487            17      1.2247448713915874e+00 
     489             8     -1.2247448713915883e+00 
     490            17      7.0710678118654702e-01 
     491            12     -9.9999999999999900e-01 
     493             8      7.0710678118654713e-01 
     495            19      9.9999999999999933e-01 
     496            14      1.0000000000000000e+00 
     496             5      1.9999999999999996e+00 
     496             0      2.0000000000000004e+00 
     496             2      9.9999999999999967e-01 
     512             1     -9.9999999999999967e-01 
     519            17      1.2247448713915878e+00 
     520            12      1.2247448713915881e+00 
     523            17      7.0710678118654713e-01 
     524            12      7.0710678118654724e-01 
     525             8     -9.9999999999999956e-01 
     526            18      9.9999999999999922e-01 
     527            13      9.9999999999999933e-01 
     528             5      1.9999999999999996e+00 
     528             9      1.0000000000000000e+00 
     528             0      2.0000000000000004e+00 
     528             2      9.9999999999999967e-01 
     530             6     -1.4142135623730943e+00 
     537             3     -1.4142135623730945e+00 
     546             7     -1.4142135623730945e+00 
     553             4     -1.4142135623730949e+00 
     561            20      1.0000000000000000e+00 
     561            14      9.9999999999999967e-01 
     561             0      2.0000000000000004e+00 
     561             2      2.0000000000000004e+00 
     564             6     -1.4142135623730943e+00 
     571             3     -1.4142135623730945e+00 
     580             7     -1.4142135623730945e+00 
     587             4     -1.4142135623730949e+00 
     594            19     -1.4142135623730949e+00 
     595            14      2.0000000000000004e+00 
     595             0      2.0000000000000004e+00 
     595             2      2.0000000000000004e+00 
     596            10      1.2247448713915874e+00 
     597            10      7.0710678118654668e-01 
     599             6     -9.9999999999999922e-01 
     606             3     -1.4142135623730945e+00 
     612            11      1.2247448713915876e+00 
     613            11      7.0710678118654680e-01 
     615             7     -9.9999999999999956e-01 
     622             4     -1.4142135623730949e+00 
     628            13      9.9999999999999967e-01 
     630            20      1.0000000000000000e+00 
     630             9      9.9999999999999967e-01 
     630             0      2.0000000000000004e+00 
     630             2      2.0000000000000004e+00 
     631            15     -1.2247448713915872e+00 
     632            15      7.0710678118654668e-01 
     633            10     -9.9999999999999878e-01 
     635             6     -9.9999999999999922e-01 
     642             3     -1.4142135623730945e+00 
     647            16     -1.2247448713915874e+00 
     648            16      7.0710678118654691e-01 
     649            11     -9.9999999999999889e-01 
     651             7     -9.9999999999999956e-01 
     658             4     -1.4142135623730949e+00 
     663            18      9.9999999999999967e-01 
     664            13     -1.4142135623730945e+00 
     665            19      9.9999999999999933e-01 
     666            14      1.0000000000000000e+00 
     666             9      9.9999999999999967e-01 
     666             0      2.0000000000000004e+00 
     666             2      2.0000000000000004e+00 
     670            15     -1.4142135623730936e+00 
     671            10     -1.4142135623730938e+00 
     679             3     -1.4142135623730945e+00 
     686            16     -1.4142135623730938e+00 
     687            11     -1.4142135623730943e+00 
     695             4     -1.4142135623730949e+00 
     701            18     -1.4142135623730945e+00 
     702            13     -1.4142135623730949e+00 
     703             9      2.0000000000000004e+00 
     703             0      2.0000000000000004e+00 
     703             2      2.0000000000000004e+00 
     709            10      1.2247448713915869e+00 
     710             6      1.2247448713915876e+00 
     712            10      7.0710678118654657e-01 
     714             6      7.0710678118654680e-01 
     717             3     -9.9999999999999956e-01 
     725            11      1.2247448713915872e+00 
     726             7      1.2247448713915881e+00 
     728            11      7.0710678118654668e-01 
     730             7      7.0710678118654691e-01 
     733             4     -9.9999999999999967e-01 
     736            12      9.9999999999999933e-01 
     738             8      9.9999999999999967e-01 
     741            20      1.0000000000000000e+00 
     741             0      2.0000000000000004e+00 
     741             2      2.0000000000000004e+00 
     741             5      9.9999999999999967e-01 
     747            15     -1.2247448713915869e+00 
     749             6      1.2247448713915876e+00 
     750            15      7.0710678118654668e-01 
     751            10     -9.9999999999999856e-01 
     753             6      7.0710678118654680e-01 
     756             3     -9.9999999999999956e-01 
     763            16     -1.2247448713915869e+00 
     765             7      1.2247448713915881e+00 
     766            16      7.0710678118654680e-01 
     767            11     -9.9999999999999878e-01 
     769             7      7.0710678118654691e-01 
     772             4     -9.9999999999999967e-01 
     774            17      9.9999999999999933e-01 
     775            12     -1.4142135623730940e+00 
     777             8      9.9999999999999967e-01 
     779            19      9.9999999999999933e-01 
     780            14      1.0000000000000000e+00 
     780             0      2.0000000000000004e+00 
     780             2      2.0000000000000004e+00 
     780             5      9.9999999999999967e-01 
     787            15     -1.2247448713915872e+00 
     788            10     -1.2247448713915874e+00 
     791            15      7.0710678118654668e-01 
     792            10      7.0710678118654691e-01 
     793             6     -9.9999999999999889e-01 
     796             3     -9.9999999999999956e-01 
     803            16     -1.2247448713915874e+00 
     804            11     -1.2247448713915878e+00 
     807            16      7.0710678118654691e-01 
     808            11      7.0710678118654702e-01 
     809             7     -9.9999999999999900e-01 
     812             4     -9.9999999999999967e-01 
     815            17      9.9999999999999956e-01 
     816            12      9.9999999999999967e-01 
     817             8     -1.4142135623730945e+00 
     818            18      9.9999999999999922e-01 
     819            13      9.9999999999999933e-01 
     820             9      1.0000000000000000e+00 
     820             0      2.0000000000000004e+00 
     820             2      2.0000000000000004e+00 
     820             5      9.9999999999999967e-01 
     834            15     -1.4142135623730936e+00 
     835            10     -1.4142135623730938e+00 
     836             6     -1.4142135623730943e+00 
     850            16     -1.4142135623730938e+00 
     851            11     -1.4142135623730943e+00 
     852             7     -1.4142135623730945e+00 
     858            17     -1.4142135623730943e+00 
     859            12     -1.4142135623730945e+00 
     860             8     -1.4142135623730949e+00 
     861             0      2.0000000000000004e+00 
     861             2      2.0000000000000004e+00 
     861             5      2.0000000000000004e+00 
