 CSF List 
["u", "e", "e", "d", "f", "f"]
["u", "e", "e", "f", "d", "f"]
["u", "e", "e", "f", "f", "d"]
["u", "e", "u", "d", "d", "f"]
["u", "e", "u", "d", "f", "d"]
["u", "e", "u", "f", "d", "d"]
["u", "e", "d", "e", "f", "f"]
["u", "e", "d", "u", "d", "f"]
["u", "e", "d", "u", "f", "d"]
["u", "e", "d", "f", "e", "f"]
["u", "e", "d", "f", "u", "d"]
["u", "e", "d", "f", "f", "e"]
["u", "e", "f", "e", "d", "f"]
["u", "e", "f", "e", "f", "d"]
["u", "e", "f", "u", "d", "d"]
["u", "e", "f", "d", "e", "f"]
["u", "e", "f", "d", "u", "d"]
["u", "e", "f", "d", "f", "e"]
["u", "e", "f", "f", "e", "d"]
["u", "e", "f", "f", "d", "e"]
["u", "u", "e", "d", "d", "f"]
["u", "u", "e", "d", "f", "d"]
["u", "u", "e", "f", "d", "d"]
["u", "u", "u", "d", "d", "d"]
["u", "u", "d", "e", "d", "f"]
["u", "u", "d", "e", "f", "d"]
["u", "u", "d", "u", "d", "d"]
["u", "u", "d", "d", "e", "f"]
["u", "u", "d", "d", "u", "d"]
["u", "u", "d", "d", "f", "e"]
["u", "u", "d", "f", "e", "d"]
["u", "u", "d", "f", "d", "e"]
["u", "u", "f", "e", "d", "d"]
["u", "u", "f", "d", "e", "d"]
["u", "u", "f", "d", "d", "e"]
["u", "d", "e", "e", "f", "f"]
["u", "d", "e", "u", "d", "f"]
["u", "d", "e", "u", "f", "d"]
["u", "d", "e", "f", "e", "f"]
["u", "d", "e", "f", "u", "d"]
["u", "d", "e", "f", "f", "e"]
["u", "d", "u", "e", "d", "f"]
["u", "d", "u", "e", "f", "d"]
["u", "d", "u", "u", "d", "d"]
["u", "d", "u", "d", "e", "f"]
["u", "d", "u", "d", "u", "d"]
["u", "d", "u", "d", "f", "e"]
["u", "d", "u", "f", "e", "d"]
["u", "d", "u", "f", "d", "e"]
["u", "d", "f", "e", "e", "f"]
["u", "d", "f", "e", "u", "d"]
["u", "d", "f", "e", "f", "e"]
["u", "d", "f", "u", "e", "d"]
["u", "d", "f", "u", "d", "e"]
["u", "d", "f", "f", "e", "e"]
["u", "f", "e", "e", "d", "f"]
["u", "f", "e", "e", "f", "d"]
["u", "f", "e", "u", "d", "d"]
["u", "f", "e", "d", "e", "f"]
["u", "f", "e", "d", "u", "d"]
["u", "f", "e", "d", "f", "e"]
["u", "f", "e", "f", "e", "d"]
["u", "f", "e", "f", "d", "e"]
["u", "f", "u", "e", "d", "d"]
["u", "f", "u", "d", "e", "d"]
["u", "f", "u", "d", "d", "e"]
["u", "f", "d", "e", "e", "f"]
["u", "f", "d", "e", "u", "d"]
["u", "f", "d", "e", "f", "e"]
["u", "f", "d", "u", "e", "d"]
["u", "f", "d", "u", "d", "e"]
["u", "f", "d", "f", "e", "e"]
["u", "f", "f", "e", "e", "d"]
["u", "f", "f", "e", "d", "e"]
["u", "f", "f", "d", "e", "e"]
["f", "e", "e", "e", "f", "f"]
["f", "e", "e", "u", "d", "f"]
["f", "e", "e", "u", "f", "d"]
["f", "e", "e", "f", "e", "f"]
["f", "e", "e", "f", "u", "d"]
["f", "e", "e", "f", "f", "e"]
["f", "e", "u", "e", "d", "f"]
["f", "e", "u", "e", "f", "d"]
["f", "e", "u", "u", "d", "d"]
["f", "e", "u", "d", "e", "f"]
["f", "e", "u", "d", "u", "d"]
["f", "e", "u", "d", "f", "e"]
["f", "e", "u", "f", "e", "d"]
["f", "e", "u", "f", "d", "e"]
["f", "e", "f", "e", "e", "f"]
["f", "e", "f", "e", "u", "d"]
["f", "e", "f", "e", "f", "e"]
["f", "e", "f", "u", "e", "d"]
["f", "e", "f", "u", "d", "e"]
["f", "e", "f", "f", "e", "e"]
["f", "u", "e", "e", "d", "f"]
["f", "u", "e", "e", "f", "d"]
["f", "u", "e", "u", "d", "d"]
["f", "u", "e", "d", "e", "f"]
["f", "u", "e", "d", "u", "d"]
["f", "u", "e", "d", "f", "e"]
["f", "u", "e", "f", "e", "d"]
["f", "u", "e", "f", "d", "e"]
["f", "u", "u", "e", "d", "d"]
["f", "u", "u", "d", "e", "d"]
["f", "u", "u", "d", "d", "e"]
["f", "u", "d", "e", "e", "f"]
["f", "u", "d", "e", "u", "d"]
["f", "u", "d", "e", "f", "e"]
["f", "u", "d", "u", "e", "d"]
["f", "u", "d", "u", "d", "e"]
["f", "u", "d", "f", "e", "e"]
["f", "u", "f", "e", "e", "d"]
["f", "u", "f", "e", "d", "e"]
["f", "u", "f", "d", "e", "e"]
["f", "f", "e", "e", "e", "f"]
["f", "f", "e", "e", "u", "d"]
["f", "f", "e", "e", "f", "e"]
["f", "f", "e", "u", "e", "d"]
["f", "f", "e", "u", "d", "e"]
["f", "f", "e", "f", "e", "e"]
["f", "f", "u", "e", "e", "d"]
["f", "f", "u", "e", "d", "e"]
["f", "f", "u", "d", "e", "e"]
["f", "f", "f", "e", "e", "e"]
 Energy Expression 
      IJ       pqrs     Coef 
       1             0      9.9999999999999967e-01 
       1             9      1.0000000000000000e+00 
       1            14      2.0000000000000004e+00 
       1            20      2.0000000000000004e+00 
       2            13     -9.9999999999999956e-01 
       3             0      9.9999999999999967e-01 
       3            20      2.0000000000000004e+00 
       3             9      1.9999999999999996e+00 
       3            14      1.0000000000000000e+00 
       4            18     -9.9999999999999900e-01 
       5            19     -9.9999999999999956e-01 
       6             0      9.9999999999999967e-01 
       6             9      1.9999999999999996e+00 
       6            14      1.9999999999999996e+00 
       6            20      1.0000000000000000e+00 
       7            12      1.2247448713915874e+00 
       8             8     -1.2247448713915876e+00 
      10             0      9.9999999999999967e-01 
      10            20      2.0000000000000004e+00 
      10            14      1.0000000000000000e+00 
      10             5      1.0000000000000000e+00 
      10             9      9.9999999999999956e-01 
      11            17      1.2247448713915869e+00 
      13             8     -1.2247448713915876e+00 
      14            19     -9.9999999999999956e-01 
      15             0      9.9999999999999967e-01 
      15            14      1.9999999999999996e+00 
      15            20      1.0000000000000000e+00 
      15             5      1.0000000000000000e+00 
      15             9      9.9999999999999956e-01 
      17            17      1.2247448713915872e+00 
      18            12     -1.2247448713915874e+00 
      19            18      9.9999999999999878e-01 
      20            13     -9.9999999999999889e-01 
      21             0      9.9999999999999967e-01 
      21            20      1.0000000000000000e+00 
      21             5      1.0000000000000000e+00 
      21             9      2.0000000000000013e+00 
      21            14      9.9999999999999956e-01 
      22             8      9.9999999999999933e-01 
      28             0      9.9999999999999967e-01 
      28            14      2.0000000000000004e+00 
      28            20      2.0000000000000004e+00 
      28             5      1.0000000000000000e+00 
      29            12      7.0710678118654657e-01 
      30             8      7.0710678118654702e-01 
      35            13     -1.4142135623730945e+00 
      36             0      9.9999999999999967e-01 
      36            20      2.0000000000000004e+00 
      36            14      1.0000000000000000e+00 
      36             5      1.0000000000000000e+00 
      36             9      9.9999999999999967e-01 
      37            17      7.0710678118654635e-01 
      39             8      7.0710678118654702e-01 
      43            18     -1.4142135623730940e+00 
      44            19     -9.9999999999999956e-01 
      45             0      9.9999999999999967e-01 
      45            14      1.9999999999999996e+00 
      45            20      1.0000000000000000e+00 
      45             5      1.0000000000000000e+00 
      45             9      9.9999999999999967e-01 
      47            12      9.9999999999999922e-01 
      53            13     -1.4142135623730949e+00 
      55             0      9.9999999999999967e-01 
      55            20      2.0000000000000004e+00 
      55             5      1.0000000000000000e+00 
      55             9      2.0000000000000004e+00 
      57            17      7.0710678118654646e-01 
      58            12      7.0710678118654691e-01 
      63            18     -9.9999999999999900e-01 
      64            13     -9.9999999999999967e-01 
      65            19     -1.4142135623730945e+00 
      66             0      9.9999999999999967e-01 
      66            20      1.0000000000000000e+00 
      66             5      1.0000000000000000e+00 
      66             9      2.0000000000000004e+00 
      66            14      9.9999999999999967e-01 
      69            17      9.9999999999999900e-01 
      75            18     -1.4142135623730945e+00 
      77            19     -1.4142135623730949e+00 
      78             0      9.9999999999999967e-01 
      78             5      1.0000000000000000e+00 
      78             9      2.0000000000000004e+00 
      78            14      2.0000000000000004e+00 
      82             8     -1.2247448713915883e+00 
      85            12     -9.9999999999999900e-01 
      86             8      7.0710678118654713e-01 
      91             0      9.9999999999999967e-01 
      91            20      2.0000000000000004e+00 
      91            14      1.0000000000000000e+00 
      91             5      1.9999999999999996e+00 
      96             8     -1.2247448713915883e+00 
      98            17     -9.9999999999999878e-01 
     100             8      7.0710678118654713e-01 
     104            19     -9.9999999999999956e-01 
     105             0      9.9999999999999967e-01 
     105            14      1.9999999999999996e+00 
     105            20      1.0000000000000000e+00 
     105             5      1.9999999999999996e+00 
     109            17      4.9999999999999961e-01 
     110            12     -4.9999999999999978e-01 
     111             8     -9.9999999999999967e-01 
     113            17     -8.6602540378443738e-01 
     114            12      8.6602540378443771e-01 
     118            18      1.2247448713915874e+00 
     119            13     -1.2247448713915876e+00 
     120             0      9.9999999999999967e-01 
     120            20      1.0000000000000000e+00 
     120            14      9.9999999999999956e-01 
     120             5      1.9999999999999996e+00 
     120             9      1.0000000000000000e+00 
     124            12      1.2247448713915881e+00 
     128            12      7.0710678118654724e-01 
     130             8     -9.9999999999999956e-01 
     133            13      9.9999999999999933e-01 
     136             0      9.9999999999999967e-01 
     136            20      2.0000000000000004e+00 
     136             5      1.9999999999999996e+00 
     136             9      1.0000000000000000e+00 
     140            17      8.6602540378443738e-01 
     141            12      8.6602540378443782e-01 
     144            17      4.9999999999999944e-01 
     145            12      4.9999999999999978e-01 
     147             8     -9.9999999999999956e-01 
     149            18      7.0710678118654657e-01 
     150            13      7.0710678118654702e-01 
     152            19     -1.4142135623730945e+00 
     153             0      9.9999999999999967e-01 
     153            20      1.0000000000000000e+00 
     153            14      9.9999999999999967e-01 
     153             5      1.9999999999999996e+00 
     153             9      1.0000000000000000e+00 
     158            17      1.2247448713915878e+00 
     162            17      7.0710678118654713e-01 
     165             8     -9.9999999999999956e-01 
     167            18      9.9999999999999922e-01 
     170            19     -1.4142135623730949e+00 
     171             0      9.9999999999999967e-01 
     171            14      2.0000000000000004e+00 
     171             5      1.9999999999999996e+00 
     171             9      1.0000000000000000e+00 
     177            12     -1.2247448713915876e+00 
     181            17     -9.9999999999999878e-01 
     182            12      7.0710678118654691e-01 
     186            13     -1.2247448713915883e+00 
     187            18     -9.9999999999999900e-01 
     188            13      7.0710678118654713e-01 
     190             0      9.9999999999999967e-01 
     190            20      1.0000000000000000e+00 
     190             5      1.9999999999999996e+00 
     190             9      1.9999999999999996e+00 
     196            17      1.2247448713915874e+00 
     201            17      7.0710678118654702e-01 
     202            12     -9.9999999999999900e-01 
     205            18      1.2247448713915881e+00 
     207            18      7.0710678118654724e-01 
     208            13     -9.9999999999999956e-01 
     209            19      9.9999999999999933e-01 
     210             0      9.9999999999999967e-01 
     210             5      1.9999999999999996e+00 
     210             9      1.9999999999999996e+00 
     210            14      1.0000000000000000e+00 
     211            11      1.2247448713915872e+00 
     212             7     -1.2247448713915874e+00 
     214             4      9.9999999999999956e-01 
     231             0      9.9999999999999967e-01 
     231            20      2.0000000000000004e+00 
     231            14      1.0000000000000000e+00 
     231             9      9.9999999999999956e-01 
     231             2      1.0000000000000000e+00 
     232            16      1.2247448713915867e+00 
     234             7     -1.2247448713915874e+00 
     236             4      9.9999999999999956e-01 
     252            19     -9.9999999999999956e-01 
     253             0      9.9999999999999967e-01 
     253            14      1.9999999999999996e+00 
     253            20      1.0000000000000000e+00 
     253             9      9.9999999999999956e-01 
     253             2      1.0000000000000000e+00 
     255            16      1.2247448713915869e+00 
     256            11     -1.2247448713915872e+00 
     259             4      9.9999999999999956e-01 
     274            18      9.9999999999999878e-01 
     275            13     -9.9999999999999889e-01 
     276             0      9.9999999999999967e-01 
     276            20      1.0000000000000000e+00 
     276             9      2.0000000000000013e+00 
     276            14      9.9999999999999956e-01 
     276             2      1.0000000000000000e+00 
     280            16      1.1547005383792508e+00 
     281            11     -1.1547005383792512e+00 
     282             7      1.1547005383792515e+00 
     297            17     -1.1547005383792512e+00 
     298            12      1.1547005383792512e+00 
     299             8     -1.1547005383792517e+00 
     300             0      9.9999999999999967e-01 
     300            20      1.0000000000000000e+00 
     300            14      9.9999999999999956e-01 
     300             2      1.0000000000000000e+00 
     300             5      1.0000000000000000e+00 
     300             9      1.0000000000000002e+00 
     304             7      4.9999999999999961e-01 
     307            11      1.2247448713915869e+00 
     308             7     -8.6602540378443749e-01 
     313             4     -1.2247448713915876e+00 
     321             8      9.9999999999999967e-01 
     325             0      9.9999999999999967e-01 
     325            20      2.0000000000000004e+00 
     325            14      1.0000000000000000e+00 
     325             2      1.0000000000000000e+00 
     325             5      9.9999999999999956e-01 
     330             7      4.9999999999999961e-01 
     332            16      1.2247448713915865e+00 
     334             7     -8.6602540378443749e-01 
     339             4     -1.2247448713915876e+00 
     347             8      9.9999999999999967e-01 
     350            19     -9.9999999999999956e-01 
     351             0      9.9999999999999967e-01 
     351            14      1.9999999999999996e+00 
     351            20      1.0000000000000000e+00 
     351             2      1.0000000000000000e+00 
     351             5      9.9999999999999956e-01 
     355            16     -2.0412414523193131e-01 
     356            11      2.0412414523193140e-01 
     357             7      4.0824829046386280e-01 
     359            16      1.0606601717798190e+00 
     360            11     -1.0606601717798194e+00 
     366             4     -1.2247448713915876e+00 
     372            17     -4.0824829046386285e-01 
     373            12      4.0824829046386296e-01 
     374             8      8.1649658092772592e-01 
     376            18      1.2247448713915874e+00 
     377            13     -1.2247448713915876e+00 
     378             0      9.9999999999999967e-01 
     378            20      1.0000000000000000e+00 
     378            14      9.9999999999999956e-01 
     378             9      1.0000000000000000e+00 
     378             2      1.0000000000000000e+00 
     378             5      9.9999999999999956e-01 
     382            11     -4.9999999999999950e-01 
     386            11     -8.6602540378443749e-01 
     388             7      1.2247448713915874e+00 
     394             4     -1.2247448713915876e+00 
     399            12     -9.9999999999999956e-01 
     403            13      9.9999999999999933e-01 
     406             0      9.9999999999999967e-01 
     406            20      2.0000000000000004e+00 
     406             9      1.0000000000000000e+00 
     406             2      1.0000000000000000e+00 
     406             5      9.9999999999999956e-01 
     410            16     -3.5355339059327318e-01 
     411            11     -3.5355339059327340e-01 
     414            16     -6.1237243569579336e-01 
     415            11     -6.1237243569579369e-01 
     417             7      1.2247448713915874e+00 
     423             4     -1.2247448713915876e+00 
     427            17     -7.0710678118654668e-01 
     428            12     -7.0710678118654713e-01 
     431            18      7.0710678118654657e-01 
     432            13      7.0710678118654702e-01 
     434            19     -1.4142135623730945e+00 
     435             0      9.9999999999999967e-01 
     435            20      1.0000000000000000e+00 
     435            14      9.9999999999999967e-01 
     435             9      1.0000000000000000e+00 
     435             2      1.0000000000000000e+00 
     435             5      9.9999999999999956e-01 
     440            16     -4.9999999999999944e-01 
     444            16     -8.6602540378443738e-01 
     447             7      1.2247448713915874e+00 
     453             4     -1.2247448713915876e+00 
     457            17     -9.9999999999999933e-01 
     461            18      9.9999999999999922e-01 
     464            19     -1.4142135623730949e+00 
     465             0      9.9999999999999967e-01 
     465            14      2.0000000000000004e+00 
     465             9      1.0000000000000000e+00 
     465             2      1.0000000000000000e+00 
     465             5      9.9999999999999956e-01 
     471            11      4.9999999999999939e-01 
     475            16      1.2247448713915865e+00 
     476            11     -8.6602540378443726e-01 
     484             4     -1.2247448713915876e+00 
     488            12      9.9999999999999900e-01 
     492            13     -1.2247448713915883e+00 
     493            18     -9.9999999999999900e-01 
     494            13      7.0710678118654713e-01 
     496             0      9.9999999999999967e-01 
     496            20      1.0000000000000000e+00 
     496             9      1.9999999999999996e+00 
     496             2      1.0000000000000000e+00 
     496             5      9.9999999999999956e-01 
     502            16     -4.9999999999999928e-01 
     507            16     -8.6602540378443726e-01 
     508            11      1.2247448713915869e+00 
     516             4     -1.2247448713915876e+00 
     519            17     -9.9999999999999889e-01 
     523            18      1.2247448713915881e+00 
     525            18      7.0710678118654724e-01 
     526            13     -9.9999999999999956e-01 
     527            19      9.9999999999999933e-01 
     528             0      9.9999999999999967e-01 
     528             9      1.9999999999999996e+00 
     528            14      1.0000000000000000e+00 
     528             2      1.0000000000000000e+00 
     528             5      9.9999999999999956e-01 
     541            16      1.2247448713915869e+00 
     542            11     -1.2247448713915872e+00 
     543             7      9.9999999999999933e-01 
     552             8     -1.1547005383792521e+00 
     553            17      9.9999999999999856e-01 
     554            12     -9.9999999999999889e-01 
     555             8      8.1649658092772570e-01 
     561             0      9.9999999999999967e-01 
     561            20      1.0000000000000000e+00 
     561            14      9.9999999999999956e-01 
     561             2      1.0000000000000000e+00 
     561             5      2.0000000000000013e+00 
     576            11      4.9999999999999950e-01 
     577            16      1.2247448713915867e+00 
     578            11     -8.6602540378443738e-01 
     580             7     -1.2247448713915874e+00 
     585            12      1.1547005383792515e+00 
     588            12      4.0824829046386280e-01 
     589            17      9.9999999999999845e-01 
     590            12     -7.0710678118654668e-01 
     592             8     -9.9999999999999889e-01 
     594            13      9.9999999999999967e-01 
     595             0      9.9999999999999967e-01 
     595            20      1.0000000000000000e+00 
     595             2      1.0000000000000000e+00 
     595             5      2.0000000000000013e+00 
     595             9      9.9999999999999956e-01 
     610            16     -4.9999999999999944e-01 
     612            16     -8.6602540378443738e-01 
     613            11      1.2247448713915872e+00 
     615             7     -1.2247448713915874e+00 
     619            17     -1.1547005383792512e+00 
     622            17     -4.0824829046386268e-01 
     624            17     -7.0710678118654668e-01 
     625            12      9.9999999999999878e-01 
     627             8     -9.9999999999999889e-01 
     628            18     -9.9999999999999956e-01 
     629            19      9.9999999999999933e-01 
     630             0      9.9999999999999967e-01 
     630            14      1.0000000000000000e+00 
     630             2      1.0000000000000000e+00 
     630             5      2.0000000000000013e+00 
     630             9      9.9999999999999956e-01 
     631             7      9.9999999999999922e-01 
     637             4      9.9999999999999933e-01 
     666             0      9.9999999999999967e-01 
     666            14      2.0000000000000004e+00 
     666            20      2.0000000000000004e+00 
     666             2      1.0000000000000000e+00 
     667            11      7.0710678118654646e-01 
     668             7      7.0710678118654691e-01 
     674             4      9.9999999999999933e-01 
     702            13     -1.4142135623730945e+00 
     703             0      9.9999999999999967e-01 
     703            20      2.0000000000000004e+00 
     703            14      1.0000000000000000e+00 
     703             9      9.9999999999999967e-01 
     703             2      1.0000000000000000e+00 
     704            16      7.0710678118654624e-01 
     706             7      7.0710678118654691e-01 
     712             4      9.9999999999999933e-01 
     739            18     -1.4142135623730940e+00 
     740            19     -9.9999999999999956e-01 
     741             0      9.9999999999999967e-01 
     741            14      1.9999999999999996e+00 
     741            20      1.0000000000000000e+00 
     741             9      9.9999999999999967e-01 
     741             2      1.0000000000000000e+00 
     743            11      9.9999999999999900e-01 
     751             4      9.9999999999999933e-01 
     778            13     -1.4142135623730949e+00 
     780             0      9.9999999999999967e-01 
     780            20      2.0000000000000004e+00 
     780             9      2.0000000000000004e+00 
     780             2      1.0000000000000000e+00 
     782            16      7.0710678118654635e-01 
     783            11      7.0710678118654680e-01 
     791             4      9.9999999999999933e-01 
     817            18     -9.9999999999999900e-01 
     818            13     -9.9999999999999967e-01 
     819            19     -1.4142135623730945e+00 
     820             0      9.9999999999999967e-01 
     820            20      1.0000000000000000e+00 
     820             9      2.0000000000000004e+00 
     820            14      9.9999999999999967e-01 
     820             2      1.0000000000000000e+00 
     823            16      9.9999999999999889e-01 
     832             4      9.9999999999999933e-01 
     858            18     -1.4142135623730945e+00 
     860            19     -1.4142135623730949e+00 
     861             0      9.9999999999999967e-01 
     861             9      2.0000000000000004e+00 
     861            14      2.0000000000000004e+00 
     861             2      1.0000000000000000e+00 
     865             7     -8.6602540378443738e-01 
     868            11      7.0710678118654635e-01 
     869             7     -4.9999999999999939e-01 
     874             4      7.0710678118654702e-01 
     897            12     -1.4142135623730940e+00 
     898             8      9.9999999999999967e-01 
     903             0      9.9999999999999967e-01 
     903            20      2.0000000000000004e+00 
     903            14      1.0000000000000000e+00 
     903             2      1.0000000000000000e+00 
     903             5      9.9999999999999967e-01 
     908             7     -8.6602540378443738e-01 
     910            16      7.0710678118654613e-01 
     912             7     -4.9999999999999939e-01 
     917             4      7.0710678118654702e-01 
     939            17     -1.4142135623730936e+00 
     941             8      9.9999999999999967e-01 
     945            19     -9.9999999999999956e-01 
     946             0      9.9999999999999967e-01 
     946            14      1.9999999999999996e+00 
     946            20      1.0000000000000000e+00 
     946             2      1.0000000000000000e+00 
     946             5      9.9999999999999967e-01 
     950            16      3.5355339059327318e-01 
     951            11     -3.5355339059327329e-01 
     952             7     -7.0710678118654668e-01 
     954            16      6.1237243569579314e-01 
     955            11     -6.1237243569579325e-01 
     961             4      7.0710678118654702e-01 
     983            17     -1.2247448713915876e+00 
     984            12      1.2247448713915881e+00 
     988            18      1.2247448713915874e+00 
     989            13     -1.2247448713915876e+00 
     990             0      9.9999999999999967e-01 
     990            20      1.0000000000000000e+00 
     990            14      9.9999999999999956e-01 
     990             9      1.0000000000000000e+00 
     990             2      1.0000000000000000e+00 
     990             5      9.9999999999999967e-01 
     994            11      8.6602540378443726e-01 
     998            11     -4.9999999999999939e-01 
    1000             7      7.0710678118654657e-01 
    1006             4      7.0710678118654702e-01 
    1027            12      9.9999999999999967e-01 
    1029             8     -1.4142135623730945e+00 
    1032            13      9.9999999999999933e-01 
    1035             0      9.9999999999999967e-01 
    1035            20      2.0000000000000004e+00 
    1035             9      1.0000000000000000e+00 
    1035             2      1.0000000000000000e+00 
    1035             5      9.9999999999999967e-01 
    1039            16      6.1237243569579314e-01 
    1040            11      6.1237243569579347e-01 
    1043            16     -3.5355339059327306e-01 
    1044            11     -3.5355339059327329e-01 
    1046             7      7.0710678118654657e-01 
    1052             4      7.0710678118654702e-01 
    1072            17      7.0710678118654680e-01 
    1073            12      7.0710678118654724e-01 
    1075             8     -1.4142135623730945e+00 
    1077            18      7.0710678118654657e-01 
    1078            13      7.0710678118654702e-01 
    1080            19     -1.4142135623730945e+00 
    1081             0      9.9999999999999967e-01 
    1081            20      1.0000000000000000e+00 
    1081            14      9.9999999999999967e-01 
    1081             9      1.0000000000000000e+00 
    1081             2      1.0000000000000000e+00 
    1081             5      9.9999999999999967e-01 
    1086            16      8.6602540378443704e-01 
    1090            16     -4.9999999999999928e-01 
    1093             7      7.0710678118654657e-01 
    1099             4      7.0710678118654702e-01 
    1119            17      9.9999999999999956e-01 
    1122             8     -1.4142135623730945e+00 
    1124            18      9.9999999999999922e-01 
    1127            19     -1.4142135623730949e+00 
    1128             0      9.9999999999999967e-01 
    1128            14      2.0000000000000004e+00 
    1128             9      1.0000000000000000e+00 
    1128             2      1.0000000000000000e+00 
    1128             5      9.9999999999999967e-01 
    1134            11     -8.6602540378443693e-01 
    1138            16      7.0710678118654613e-01 
    1139            11     -4.9999999999999922e-01 
    1147             4      7.0710678118654702e-01 
    1167            17     -1.4142135623730936e+00 
    1168            12      9.9999999999999933e-01 
    1172            13     -1.2247448713915883e+00 
    1173            18     -9.9999999999999900e-01 
    1174            13      7.0710678118654713e-01 
    1176             0      9.9999999999999967e-01 
    1176            20      1.0000000000000000e+00 
    1176             9      1.9999999999999996e+00 
    1176             2      1.0000000000000000e+00 
    1176             5      9.9999999999999967e-01 
    1182            16      8.6602540378443671e-01 
    1187            16     -4.9999999999999922e-01 
    1188            11      7.0710678118654635e-01 
    1196             4      7.0710678118654702e-01 
    1216            17      9.9999999999999933e-01 
    1217            12     -1.4142135623730940e+00 
    1220            18      1.2247448713915881e+00 
    1222            18      7.0710678118654724e-01 
    1223            13     -9.9999999999999956e-01 
    1224            19      9.9999999999999933e-01 
    1225             0      9.9999999999999967e-01 
    1225             9      1.9999999999999996e+00 
    1225            14      1.0000000000000000e+00 
    1225             2      1.0000000000000000e+00 
    1225             5      9.9999999999999967e-01 
    1238            11      9.9999999999999900e-01 
    1241             7      9.9999999999999922e-01 
    1267            12     -1.4142135623730945e+00 
    1270             8     -1.4142135623730949e+00 
    1275             0      9.9999999999999967e-01 
    1275            20      2.0000000000000004e+00 
    1275             2      1.0000000000000000e+00 
    1275             5      2.0000000000000004e+00 
    1288            16      7.0710678118654635e-01 
    1289            11      7.0710678118654680e-01 
    1292             7      9.9999999999999922e-01 
    1317            17     -9.9999999999999889e-01 
    1318            12     -9.9999999999999956e-01 
    1321             8     -1.4142135623730949e+00 
    1325            19     -1.4142135623730945e+00 
    1326             0      9.9999999999999967e-01 
    1326            20      1.0000000000000000e+00 
    1326            14      9.9999999999999967e-01 
    1326             2      1.0000000000000000e+00 
    1326             5      2.0000000000000004e+00 
    1340            16      9.9999999999999889e-01 
    1344             7      9.9999999999999922e-01 
    1369            17     -1.4142135623730943e+00 
    1373             8     -1.4142135623730949e+00 
    1377            19     -1.4142135623730949e+00 
    1378             0      9.9999999999999967e-01 
    1378            14      2.0000000000000004e+00 
    1378             2      1.0000000000000000e+00 
    1378             5      2.0000000000000004e+00 
    1393            11     -8.6602540378443726e-01 
    1394            16      7.0710678118654624e-01 
    1395            11     -4.9999999999999928e-01 
    1397             7      7.0710678118654691e-01 
    1422            12      1.2247448713915881e+00 
    1423            17     -9.9999999999999878e-01 
    1424            12      7.0710678118654691e-01 
    1426             8     -9.9999999999999967e-01 
    1428            18     -1.4142135623730940e+00 
    1429            13      9.9999999999999967e-01 
    1431             0      9.9999999999999967e-01 
    1431            20      1.0000000000000000e+00 
    1431             2      1.0000000000000000e+00 
    1431             5      2.0000000000000004e+00 
    1431             9      9.9999999999999967e-01 
    1446            16      8.6602540378443704e-01 
    1448            16     -4.9999999999999928e-01 
    1449            11      7.0710678118654646e-01 
    1451             7      7.0710678118654691e-01 
    1475            17     -1.2247448713915878e+00 
    1477            17      7.0710678118654702e-01 
    1478            12     -9.9999999999999900e-01 
    1480             8     -9.9999999999999967e-01 
    1482            18      9.9999999999999967e-01 
    1483            13     -1.4142135623730945e+00 
    1484            19      9.9999999999999933e-01 
    1485             0      9.9999999999999967e-01 
    1485            14      1.0000000000000000e+00 
    1485             2      1.0000000000000000e+00 
    1485             5      2.0000000000000004e+00 
    1485             9      9.9999999999999967e-01 
    1504            16      9.9999999999999889e-01 
    1505            11      9.9999999999999900e-01 
    1533            17     -1.4142135623730943e+00 
    1534            12     -1.4142135623730945e+00 
    1538            18     -1.4142135623730945e+00 
    1539            13     -1.4142135623730949e+00 
    1540             0      9.9999999999999967e-01 
    1540             2      1.0000000000000000e+00 
    1540             5      2.0000000000000004e+00 
    1540             9      2.0000000000000004e+00 
    1561             7     -1.2247448713915876e+00 
    1565             4     -1.2247448713915883e+00 
    1576            11     -9.9999999999999878e-01 
    1577             7      7.0710678118654691e-01 
    1582             4      7.0710678118654713e-01 
    1596             0      9.9999999999999967e-01 
    1596            20      2.0000000000000004e+00 
    1596            14      1.0000000000000000e+00 
    1596             2      1.9999999999999996e+00 
    1618             7     -1.2247448713915876e+00 
    1622             4     -1.2247448713915883e+00 
    1632            16     -9.9999999999999845e-01 
    1634             7      7.0710678118654691e-01 
    1639             4      7.0710678118654713e-01 
    1652            19     -9.9999999999999956e-01 
    1653             0      9.9999999999999967e-01 
    1653            14      1.9999999999999996e+00 
    1653            20      1.0000000000000000e+00 
    1653             2      1.9999999999999996e+00 
    1674            16      4.9999999999999939e-01 
    1675            11     -4.9999999999999944e-01 
    1676             7     -9.9999999999999900e-01 
    1680             4     -1.2247448713915883e+00 
    1690            16     -8.6602540378443726e-01 
    1691            11      8.6602540378443738e-01 
    1697             4      7.0710678118654713e-01 
    1709            18      1.2247448713915874e+00 
    1710            13     -1.2247448713915876e+00 
    1711             0      9.9999999999999967e-01 
    1711            20      1.0000000000000000e+00 
    1711            14      9.9999999999999956e-01 
    1711             9      1.0000000000000000e+00 
    1711             2      1.9999999999999996e+00 
    1732            11      1.2247448713915874e+00 
    1739             4     -1.2247448713915883e+00 
    1748            11      7.0710678118654702e-01 
    1750             7     -9.9999999999999900e-01 
    1756             4      7.0710678118654713e-01 
    1767            13      9.9999999999999933e-01 
    1770             0      9.9999999999999967e-01 
    1770            20      2.0000000000000004e+00 
    1770             9      1.0000000000000000e+00 
    1770             2      1.9999999999999996e+00 
    1791            16      8.6602540378443693e-01 
    1792            11      8.6602540378443738e-01 
    1799             4     -1.2247448713915883e+00 
    1807            16      4.9999999999999928e-01 
    1808            11      4.9999999999999961e-01 
    1810             7     -9.9999999999999900e-01 
    1816             4      7.0710678118654713e-01 
    1826            18      7.0710678118654657e-01 
    1827            13      7.0710678118654702e-01 
    1829            19     -1.4142135623730945e+00 
    1830             0      9.9999999999999967e-01 
    1830            20      1.0000000000000000e+00 
    1830            14      9.9999999999999967e-01 
    1830             9      1.0000000000000000e+00 
    1830             2      1.9999999999999996e+00 
    1852            16      1.2247448713915872e+00 
    1860             4     -1.2247448713915883e+00 
    1868            16      7.0710678118654691e-01 
    1871             7     -9.9999999999999900e-01 
    1877             4      7.0710678118654713e-01 
    1887            18      9.9999999999999922e-01 
    1890            19     -1.4142135623730949e+00 
    1891             0      9.9999999999999967e-01 
    1891            14      2.0000000000000004e+00 
    1891             9      1.0000000000000000e+00 
    1891             2      1.9999999999999996e+00 
    1914            11     -1.2247448713915869e+00 
    1922             4     -1.2247448713915883e+00 
    1930            16     -9.9999999999999845e-01 
    1931            11      7.0710678118654668e-01 
    1939             4      7.0710678118654713e-01 
    1949            13     -1.2247448713915883e+00 
    1950            18     -9.9999999999999900e-01 
    1951            13      7.0710678118654713e-01 
    1953             0      9.9999999999999967e-01 
    1953            20      1.0000000000000000e+00 
    1953             9      1.9999999999999996e+00 
    1953             2      1.9999999999999996e+00 
    1976            16      1.2247448713915869e+00 
    1985             4     -1.2247448713915883e+00 
    1993            16      7.0710678118654680e-01 
    1994            11     -9.9999999999999878e-01 
    2002             4      7.0710678118654713e-01 
    2011            18      1.2247448713915881e+00 
    2013            18      7.0710678118654724e-01 
    2014            13     -9.9999999999999956e-01 
    2015            19      9.9999999999999933e-01 
    2016             0      9.9999999999999967e-01 
    2016             9      1.9999999999999996e+00 
    2016            14      1.0000000000000000e+00 
    2016             2      1.9999999999999996e+00 
    2040             7      1.1547005383792524e+00 
    2041            16      4.9999999999999950e-01 
    2042            11     -4.9999999999999967e-01 
    2043             7      4.0824829046386307e-01 
    2049             4     -9.9999999999999967e-01 
    2058            16     -8.6602540378443738e-01 
    2059            11      8.6602540378443749e-01 
    2060             7     -7.0710678118654713e-01 
    2072            17      1.2247448713915872e+00 
    2073            12     -1.2247448713915874e+00 
    2074             8      9.9999999999999956e-01 
    2080             0      9.9999999999999967e-01 
    2080            20      1.0000000000000000e+00 
    2080            14      9.9999999999999956e-01 
    2080             2      1.9999999999999996e+00 
    2080             5      1.0000000000000000e+00 
    2104            11     -1.1547005383792517e+00 
    2107            11      2.0412414523193148e-01 
    2108            16      4.9999999999999944e-01 
    2109            11     -3.5355339059327351e-01 
    2111             7     -4.9999999999999978e-01 
    2114             4     -9.9999999999999967e-01 
    2124            11     -3.5355339059327345e-01 
    2125            16     -8.6602540378443704e-01 
    2126            11      6.1237243569579369e-01 
    2128             7      8.6602540378443771e-01 
    2138            12      4.9999999999999961e-01 
    2139            17      1.2247448713915869e+00 
    2140            12     -8.6602540378443749e-01 
    2142             8     -1.2247448713915876e+00 
    2144            13      9.9999999999999967e-01 
    2145             0      9.9999999999999967e-01 
    2145            20      1.0000000000000000e+00 
    2145             9      9.9999999999999956e-01 
    2145             2      1.9999999999999996e+00 
    2145             5      1.0000000000000000e+00 
    2169            16      1.1547005383792517e+00 
    2172            16     -2.0412414523193143e-01 
    2174            16     -3.5355339059327356e-01 
    2175            11      4.9999999999999961e-01 
    2177             7     -4.9999999999999978e-01 
    2180             4     -9.9999999999999967e-01 
    2189            16      3.5355339059327345e-01 
    2191            16      6.1237243569579369e-01 
    2192            11     -8.6602540378443738e-01 
    2194             7      8.6602540378443771e-01 
    2203            17     -4.9999999999999950e-01 
    2205            17     -8.6602540378443749e-01 
    2206            12      1.2247448713915874e+00 
    2208             8     -1.2247448713915876e+00 
    2209            18     -9.9999999999999956e-01 
    2210            19      9.9999999999999933e-01 
    2211             0      9.9999999999999967e-01 
    2211            14      1.0000000000000000e+00 
    2211             9      9.9999999999999956e-01 
    2211             2      1.9999999999999996e+00 
    2211             5      1.0000000000000000e+00 
    2236            11      1.2247448713915878e+00 
    2239             7      1.2247448713915881e+00 
    2253            11      7.0710678118654713e-01 
    2256             7      7.0710678118654724e-01 
    2261             4     -9.9999999999999956e-01 
    2267            12      9.9999999999999922e-01 
    2270             8      9.9999999999999933e-01 
    2278             0      9.9999999999999967e-01 
    2278            20      2.0000000000000004e+00 
    2278             2      1.9999999999999996e+00 
    2278             5      1.0000000000000000e+00 
    2303            16      8.6602540378443726e-01 
    2304            11      8.6602540378443771e-01 
    2307             7      1.2247448713915881e+00 
    2320            16      4.9999999999999939e-01 
    2321            11      4.9999999999999961e-01 
    2324             7      7.0710678118654724e-01 
    2329             4     -9.9999999999999956e-01 
    2334            17      7.0710678118654646e-01 
    2335            12      7.0710678118654691e-01 
    2338             8      9.9999999999999933e-01 
    2345            19     -1.4142135623730945e+00 
    2346             0      9.9999999999999967e-01 
    2346            20      1.0000000000000000e+00 
    2346            14      9.9999999999999967e-01 
    2346             2      1.9999999999999996e+00 
    2346             5      1.0000000000000000e+00 
    2372            16      1.2247448713915874e+00 
    2376             7      1.2247448713915881e+00 
    2389            16      7.0710678118654691e-01 
    2393             7      7.0710678118654724e-01 
    2398             4     -9.9999999999999956e-01 
    2403            17      9.9999999999999900e-01 
    2407             8      9.9999999999999933e-01 
    2414            19     -1.4142135623730949e+00 
    2415             0      9.9999999999999967e-01 
    2415            14      2.0000000000000004e+00 
    2415             2      1.9999999999999996e+00 
    2415             5      1.0000000000000000e+00 
    2442            11     -1.0606601717798199e+00 
    2443            16      8.6602540378443704e-01 
    2444            11     -6.1237243569579369e-01 
    2446             7      8.6602540378443782e-01 
    2459            11     -6.1237243569579380e-01 
    2460            16      4.9999999999999928e-01 
    2461            11     -3.5355339059327340e-01 
    2463             7      4.9999999999999978e-01 
    2468             4     -9.9999999999999956e-01 
    2473            12     -8.6602540378443738e-01 
    2474            17      7.0710678118654635e-01 
    2475            12     -4.9999999999999939e-01 
    2477             8      7.0710678118654702e-01 
    2482            18     -1.4142135623730940e+00 
    2483            13      9.9999999999999967e-01 
    2485             0      9.9999999999999967e-01 
    2485            20      1.0000000000000000e+00 
    2485             9      9.9999999999999967e-01 
    2485             2      1.9999999999999996e+00 
    2485             5      1.0000000000000000e+00 
    2512            16      1.0606601717798196e+00 
    2514            16     -6.1237243569579369e-01 
    2515            11      8.6602540378443738e-01 
    2517             7      8.6602540378443782e-01 
    2529            16      6.1237243569579369e-01 
    2531            16     -3.5355339059327345e-01 
    2532            11      4.9999999999999944e-01 
    2534             7      4.9999999999999978e-01 
    2539             4     -9.9999999999999956e-01 
    2543            17      8.6602540378443726e-01 
    2545            17     -4.9999999999999939e-01 
    2546            12      7.0710678118654657e-01 
    2548             8      7.0710678118654702e-01 
    2553            18      9.9999999999999967e-01 
    2554            13     -1.4142135623730945e+00 
    2555            19      9.9999999999999933e-01 
    2556             0      9.9999999999999967e-01 
    2556            14      1.0000000000000000e+00 
    2556             9      9.9999999999999967e-01 
    2556             2      1.9999999999999996e+00 
    2556             5      1.0000000000000000e+00 
    2587            16      1.2247448713915874e+00 
    2588            11      1.2247448713915878e+00 
    2604            16      7.0710678118654691e-01 
    2605            11      7.0710678118654713e-01 
    2611             4     -9.9999999999999956e-01 
    2618            17      9.9999999999999900e-01 
    2619            12      9.9999999999999922e-01 
    2626            18     -1.4142135623730945e+00 
    2627            13     -1.4142135623730949e+00 
    2628             0      9.9999999999999967e-01 
    2628             9      2.0000000000000004e+00 
    2628             2      1.9999999999999996e+00 
    2628             5      1.0000000000000000e+00 
    2661            11     -1.2247448713915869e+00 
    2662             7     -1.2247448713915876e+00 
    2678            16     -9.9999999999999845e-01 
    2679            11      7.0710678118654668e-01 
    2681             7      7.0710678118654691e-01 
    2692            12     -1.2247448713915876e+00 
    2693             8     -1.2247448713915883e+00 
    2695            17     -9.9999999999999878e-01 
    2696            12      7.0710678118654691e-01 
    2698             8      7.0710678118654713e-01 
    2701             0      9.9999999999999967e-01 
    2701            20      1.0000000000000000e+00 
    2701             2      1.9999999999999996e+00 
    2701             5      1.9999999999999996e+00 
    2734            16      1.2247448713915869e+00 
    2736             7     -1.2247448713915876e+00 
    2752            16      7.0710678118654680e-01 
    2753            11     -9.9999999999999878e-01 
    2755             7      7.0710678118654691e-01 
    2765            17      1.2247448713915874e+00 
    2767             8     -1.2247448713915883e+00 
    2769            17      7.0710678118654702e-01 
    2770            12     -9.9999999999999900e-01 
    2772             8      7.0710678118654713e-01 
    2774            19      9.9999999999999933e-01 
    2775             0      9.9999999999999967e-01 
    2775            14      1.0000000000000000e+00 
    2775             2      1.9999999999999996e+00 
    2775             5      1.9999999999999996e+00 
    2809            16      1.2247448713915872e+00 
    2810            11      1.2247448713915874e+00 
    2828            16      7.0710678118654691e-01 
    2829            11      7.0710678118654702e-01 
    2830             7     -9.9999999999999900e-01 
    2840            17      1.2247448713915878e+00 
    2841            12      1.2247448713915881e+00 
    2845            17      7.0710678118654713e-01 
    2846            12      7.0710678118654724e-01 
    2847             8     -9.9999999999999956e-01 
    2848            18      9.9999999999999922e-01 
    2849            13      9.9999999999999933e-01 
    2850             0      9.9999999999999967e-01 
    2850             2      1.9999999999999996e+00 
    2850             5      1.9999999999999996e+00 
    2850             9      1.0000000000000000e+00 
    2851             6     -1.4142135623730943e+00 
    2857             3     -1.4142135623730945e+00 
    2886             1     -1.4142135623730949e+00 
    2926            14      2.0000000000000004e+00 
    2926            20      2.0000000000000004e+00 
    2926             0      2.0000000000000004e+00 
    2927            10     -9.9999999999999878e-01 
    2928             6     -9.9999999999999922e-01 
    2934             3     -1.4142135623730945e+00 
    2963             1     -1.4142135623730949e+00 
    3002            13     -1.4142135623730945e+00 
    3003            20      2.0000000000000004e+00 
    3003            14      1.0000000000000000e+00 
    3003             9      9.9999999999999967e-01 
    3003             0      2.0000000000000004e+00 
    3004            15     -9.9999999999999845e-01 
    3006             6     -9.9999999999999922e-01 
    3012             3     -1.4142135623730945e+00 
    3041             1     -1.4142135623730949e+00 
    3079            18     -1.4142135623730940e+00 
    3080            19     -9.9999999999999956e-01 
    3081            14      1.9999999999999996e+00 
    3081            20      1.0000000000000000e+00 
    3081             9      9.9999999999999967e-01 
    3081             0      2.0000000000000004e+00 
    3083            10     -1.4142135623730938e+00 
    3091             3     -1.4142135623730945e+00 
    3120             1     -1.4142135623730949e+00 
    3158            13     -1.4142135623730949e+00 
    3160            20      2.0000000000000004e+00 
    3160             9      2.0000000000000004e+00 
    3160             0      2.0000000000000004e+00 
    3162            15     -9.9999999999999845e-01 
    3163            10     -9.9999999999999900e-01 
    3171             3     -1.4142135623730945e+00 
    3200             1     -1.4142135623730949e+00 
    3237            18     -9.9999999999999900e-01 
    3238            13     -9.9999999999999967e-01 
    3239            19     -1.4142135623730945e+00 
    3240            20      1.0000000000000000e+00 
    3240             9      2.0000000000000004e+00 
    3240            14      9.9999999999999967e-01 
    3240             0      2.0000000000000004e+00 
    3243            15     -1.4142135623730936e+00 
    3252             3     -1.4142135623730945e+00 
    3281             1     -1.4142135623730949e+00 
    3318            18     -1.4142135623730945e+00 
    3320            19     -1.4142135623730949e+00 
    3321             9      2.0000000000000004e+00 
    3321            14      2.0000000000000004e+00 
    3321             0      2.0000000000000004e+00 
    3325             6      1.2247448713915876e+00 
    3328            10     -9.9999999999999856e-01 
    3329             6      7.0710678118654680e-01 
    3334             3     -9.9999999999999956e-01 
    3363             1     -1.4142135623730949e+00 
    3397            12     -1.4142135623730940e+00 
    3398             8      9.9999999999999967e-01 
    3403            20      2.0000000000000004e+00 
    3403            14      1.0000000000000000e+00 
    3403             5      9.9999999999999967e-01 
    3403             0      2.0000000000000004e+00 
    3408             6      1.2247448713915876e+00 
    3410            15     -9.9999999999999822e-01 
    3412             6      7.0710678118654680e-01 
    3417             3     -9.9999999999999956e-01 
    3446             1     -1.4142135623730949e+00 
    3479            17     -1.4142135623730936e+00 
    3481             8      9.9999999999999967e-01 
    3485            19     -9.9999999999999956e-01 
    3486            14      1.9999999999999996e+00 
    3486            20      1.0000000000000000e+00 
    3486             5      9.9999999999999967e-01 
    3486             0      2.0000000000000004e+00 
    3490            15     -4.9999999999999939e-01 
    3491            10      4.9999999999999944e-01 
    3492             6      9.9999999999999900e-01 
    3494            15     -8.6602540378443693e-01 
    3495            10      8.6602540378443726e-01 
    3501             3     -9.9999999999999956e-01 
    3530             1     -1.4142135623730949e+00 
    3563            17     -1.2247448713915876e+00 
    3564            12      1.2247448713915881e+00 
    3568            18      1.2247448713915874e+00 
    3569            13     -1.2247448713915876e+00 
    3570            20      1.0000000000000000e+00 
    3570            14      9.9999999999999956e-01 
    3570             9      1.0000000000000000e+00 
    3570             5      9.9999999999999967e-01 
    3570             0      2.0000000000000004e+00 
    3574            10     -1.2247448713915874e+00 
    3578            10      7.0710678118654691e-01 
    3580             6     -9.9999999999999889e-01 
    3586             3     -9.9999999999999956e-01 
    3615             1     -1.4142135623730949e+00 
    3647            12      9.9999999999999967e-01 
    3649             8     -1.4142135623730945e+00 
    3652            13      9.9999999999999933e-01 
    3655            20      2.0000000000000004e+00 
    3655             9      1.0000000000000000e+00 
    3655             5      9.9999999999999967e-01 
    3655             0      2.0000000000000004e+00 
    3659            15     -8.6602540378443693e-01 
    3660            10     -8.6602540378443738e-01 
    3663            15      4.9999999999999922e-01 
    3664            10      4.9999999999999944e-01 
    3666             6     -9.9999999999999889e-01 
    3672             3     -9.9999999999999956e-01 
    3701             1     -1.4142135623730949e+00 
    3732            17      7.0710678118654680e-01 
    3733            12      7.0710678118654724e-01 
    3735             8     -1.4142135623730945e+00 
    3737            18      7.0710678118654657e-01 
    3738            13      7.0710678118654702e-01 
    3740            19     -1.4142135623730945e+00 
    3741            20      1.0000000000000000e+00 
    3741            14      9.9999999999999967e-01 
    3741             9      1.0000000000000000e+00 
    3741             5      9.9999999999999967e-01 
    3741             0      2.0000000000000004e+00 
    3746            15     -1.2247448713915872e+00 
    3750            15      7.0710678118654668e-01 
    3753             6     -9.9999999999999889e-01 
    3759             3     -9.9999999999999956e-01 
    3788             1     -1.4142135623730949e+00 
    3819            17      9.9999999999999956e-01 
    3822             8     -1.4142135623730945e+00 
    3824            18      9.9999999999999922e-01 
    3827            19     -1.4142135623730949e+00 
    3828            14      2.0000000000000004e+00 
    3828             9      1.0000000000000000e+00 
    3828             5      9.9999999999999967e-01 
    3828             0      2.0000000000000004e+00 
    3834            10      1.2247448713915869e+00 
    3838            15     -9.9999999999999822e-01 
    3839            10      7.0710678118654657e-01 
    3847             3     -9.9999999999999956e-01 
    3876             1     -1.4142135623730949e+00 
    3907            17     -1.4142135623730936e+00 
    3908            12      9.9999999999999933e-01 
    3912            13     -1.2247448713915883e+00 
    3913            18     -9.9999999999999900e-01 
    3914            13      7.0710678118654713e-01 
    3916            20      1.0000000000000000e+00 
    3916             9      1.9999999999999996e+00 
    3916             5      9.9999999999999967e-01 
    3916             0      2.0000000000000004e+00 
    3922            15     -1.2247448713915869e+00 
    3927            15      7.0710678118654668e-01 
    3928            10     -9.9999999999999856e-01 
    3936             3     -9.9999999999999956e-01 
    3965             1     -1.4142135623730949e+00 
    3996            17      9.9999999999999933e-01 
    3997            12     -1.4142135623730940e+00 
    4000            18      1.2247448713915881e+00 
    4002            18      7.0710678118654724e-01 
    4003            13     -9.9999999999999956e-01 
    4004            19      9.9999999999999933e-01 
    4005             9      1.9999999999999996e+00 
    4005            14      1.0000000000000000e+00 
    4005             5      9.9999999999999967e-01 
    4005             0      2.0000000000000004e+00 
    4018            10     -1.4142135623730938e+00 
    4021             6     -1.4142135623730943e+00 
    4055             1     -1.4142135623730949e+00 
    4087            12     -1.4142135623730945e+00 
    4090             8     -1.4142135623730949e+00 
    4095            20      2.0000000000000004e+00 
    4095             5      2.0000000000000004e+00 
    4095             0      2.0000000000000004e+00 
    4108            15     -9.9999999999999845e-01 
    4109            10     -9.9999999999999900e-01 
    4112             6     -1.4142135623730943e+00 
    4146             1     -1.4142135623730949e+00 
    4177            17     -9.9999999999999889e-01 
    4178            12     -9.9999999999999956e-01 
    4181             8     -1.4142135623730949e+00 
    4185            19     -1.4142135623730945e+00 
    4186            20      1.0000000000000000e+00 
    4186            14      9.9999999999999967e-01 
    4186             5      2.0000000000000004e+00 
    4186             0      2.0000000000000004e+00 
    4200            15     -1.4142135623730936e+00 
    4204             6     -1.4142135623730943e+00 
    4238             1     -1.4142135623730949e+00 
    4269            17     -1.4142135623730943e+00 
    4273             8     -1.4142135623730949e+00 
    4277            19     -1.4142135623730949e+00 
    4278            14      2.0000000000000004e+00 
    4278             5      2.0000000000000004e+00 
    4278             0      2.0000000000000004e+00 
    4293            10      1.2247448713915874e+00 
    4294            15     -9.9999999999999845e-01 
    4295            10      7.0710678118654668e-01 
    4297             6     -9.9999999999999922e-01 
    4331             1     -1.4142135623730949e+00 
    4362            12      1.2247448713915881e+00 
    4363            17     -9.9999999999999878e-01 
    4364            12      7.0710678118654691e-01 
    4366             8     -9.9999999999999967e-01 
    4368            18     -1.4142135623730940e+00 
    4369            13      9.9999999999999967e-01 
    4371            20      1.0000000000000000e+00 
    4371             5      2.0000000000000004e+00 
    4371             9      9.9999999999999967e-01 
    4371             0      2.0000000000000004e+00 
    4386            15     -1.2247448713915872e+00 
    4388            15      7.0710678118654668e-01 
    4389            10     -9.9999999999999878e-01 
    4391             6     -9.9999999999999922e-01 
    4425             1     -1.4142135623730949e+00 
    4455            17     -1.2247448713915878e+00 
    4457            17      7.0710678118654702e-01 
    4458            12     -9.9999999999999900e-01 
    4460             8     -9.9999999999999967e-01 
    4462            18      9.9999999999999967e-01 
    4463            13     -1.4142135623730945e+00 
    4464            19      9.9999999999999933e-01 
    4465            14      1.0000000000000000e+00 
    4465             5      2.0000000000000004e+00 
    4465             9      9.9999999999999967e-01 
    4465             0      2.0000000000000004e+00 
    4484            15     -1.4142135623730936e+00 
    4485            10     -1.4142135623730938e+00 
    4520             1     -1.4142135623730949e+00 
    4553            17     -1.4142135623730943e+00 
    4554            12     -1.4142135623730945e+00 
    4558            18     -1.4142135623730945e+00 
    4559            13     -1.4142135623730949e+00 
    4560             5      2.0000000000000004e+00 
    4560             9      2.0000000000000004e+00 
    4560             0      2.0000000000000004e+00 
    4581             6      1.2247448713915872e+00 
    4585             3      1.2247448713915881e+00 
    4596            10     -9.9999999999999845e-01 
    4597             6      7.0710678118654668e-01 
    4602             3      7.0710678118654691e-01 
    4616             1     -9.9999999999999967e-01 
    4636            11     -1.4142135623730936e+00 
    4637             7      9.9999999999999933e-01 
    4642             4      9.9999999999999967e-01 
    4656            20      2.0000000000000004e+00 
    4656            14      1.0000000000000000e+00 
    4656             0      2.0000000000000004e+00 
    4656             2      9.9999999999999967e-01 
    4678             6      1.2247448713915872e+00 
    4682             3      1.2247448713915881e+00 
    4692            15     -9.9999999999999811e-01 
    4694             6      7.0710678118654668e-01 
    4699             3      7.0710678118654691e-01 
    4713             1     -9.9999999999999967e-01 
    4732            16     -1.4142135623730931e+00 
    4734             7      9.9999999999999933e-01 
    4739             4      9.9999999999999967e-01 
    4752            19     -9.9999999999999956e-01 
    4753            14      1.9999999999999996e+00 
    4753            20      1.0000000000000000e+00 
    4753             0      2.0000000000000004e+00 
    4753             2      9.9999999999999967e-01 
    4774            15     -4.9999999999999922e-01 
    4775            10      4.9999999999999928e-01 
    4776             6      9.9999999999999878e-01 
    4780             3      1.2247448713915881e+00 
    4790            15     -8.6602540378443693e-01 
    4791            10      8.6602540378443704e-01 
    4797             3      7.0710678118654691e-01 
    4811             1     -9.9999999999999967e-01 
    4830            16     -1.2247448713915872e+00 
    4831            11      1.2247448713915874e+00 
    4837             4      9.9999999999999967e-01 
    4849            18      1.2247448713915874e+00 
    4850            13     -1.2247448713915876e+00 
    4851            20      1.0000000000000000e+00 
    4851            14      9.9999999999999956e-01 
    4851             9      1.0000000000000000e+00 
    4851             0      2.0000000000000004e+00 
    4851             2      9.9999999999999967e-01 
    4872            10     -1.2247448713915869e+00 
    4879             3      1.2247448713915881e+00 
    4888            10      7.0710678118654680e-01 
    4890             6     -9.9999999999999878e-01 
    4896             3      7.0710678118654691e-01 
    4910             1     -9.9999999999999967e-01 
    4928            11      9.9999999999999933e-01 
    4930             7     -1.4142135623730940e+00 
    4936             4      9.9999999999999967e-01 
    4947            13      9.9999999999999933e-01 
    4950            20      2.0000000000000004e+00 
    4950             9      1.0000000000000000e+00 
    4950             0      2.0000000000000004e+00 
    4950             2      9.9999999999999967e-01 
    4971            15     -8.6602540378443660e-01 
    4972            10     -8.6602540378443704e-01 
    4979             3      1.2247448713915881e+00 
    4987            15      4.9999999999999911e-01 
    4988            10      4.9999999999999944e-01 
    4990             6     -9.9999999999999878e-01 
    4996             3      7.0710678118654691e-01 
    5010             1     -9.9999999999999967e-01 
    5027            16      7.0710678118654657e-01 
    5028            11      7.0710678118654702e-01 
    5030             7     -1.4142135623730940e+00 
    5036             4      9.9999999999999967e-01 
    5046            18      7.0710678118654657e-01 
    5047            13      7.0710678118654702e-01 
    5049            19     -1.4142135623730945e+00 
    5050            20      1.0000000000000000e+00 
    5050            14      9.9999999999999967e-01 
    5050             9      1.0000000000000000e+00 
    5050             0      2.0000000000000004e+00 
    5050             2      9.9999999999999967e-01 
    5072            15     -1.2247448713915867e+00 
    5080             3      1.2247448713915881e+00 
    5088            15      7.0710678118654668e-01 
    5091             6     -9.9999999999999878e-01 
    5097             3      7.0710678118654691e-01 
    5111             1     -9.9999999999999967e-01 
    5128            16      9.9999999999999922e-01 
    5131             7     -1.4142135623730940e+00 
    5137             4      9.9999999999999967e-01 
    5147            18      9.9999999999999922e-01 
    5150            19     -1.4142135623730949e+00 
    5151            14      2.0000000000000004e+00 
    5151             9      1.0000000000000000e+00 
    5151             0      2.0000000000000004e+00 
    5151             2      9.9999999999999967e-01 
    5174            10      1.2247448713915865e+00 
    5182             3      1.2247448713915881e+00 
    5190            15     -9.9999999999999811e-01 
    5191            10      7.0710678118654646e-01 
    5199             3      7.0710678118654691e-01 
    5213             1     -9.9999999999999967e-01 
    5230            16     -1.4142135623730931e+00 
    5231            11      9.9999999999999900e-01 
    5239             4      9.9999999999999967e-01 
    5249            13     -1.2247448713915883e+00 
    5250            18     -9.9999999999999900e-01 
    5251            13      7.0710678118654713e-01 
    5253            20      1.0000000000000000e+00 
    5253             9      1.9999999999999996e+00 
    5253             0      2.0000000000000004e+00 
    5253             2      9.9999999999999967e-01 
    5276            15     -1.2247448713915865e+00 
    5285             3      1.2247448713915881e+00 
    5293            15      7.0710678118654657e-01 
    5294            10     -9.9999999999999845e-01 
    5302             3      7.0710678118654691e-01 
    5316             1     -9.9999999999999967e-01 
    5333            16      9.9999999999999900e-01 
    5334            11     -1.4142135623730936e+00 
    5342             4      9.9999999999999967e-01 
    5351            18      1.2247448713915881e+00 
    5353            18      7.0710678118654724e-01 
    5354            13     -9.9999999999999956e-01 
    5355            19      9.9999999999999933e-01 
    5356             9      1.9999999999999996e+00 
    5356            14      1.0000000000000000e+00 
    5356             0      2.0000000000000004e+00 
    5356             2      9.9999999999999967e-01 
    5380             6     -1.1547005383792519e+00 
    5381            15     -4.9999999999999939e-01 
    5382            10      4.9999999999999950e-01 
    5383             6     -4.0824829046386296e-01 
    5389             3      9.9999999999999922e-01 
    5398            15     -8.6602540378443704e-01 
    5399            10      8.6602540378443726e-01 
    5400             6     -7.0710678118654702e-01 
    5420             1     -9.9999999999999967e-01 
    5438            16     -1.2247448713915874e+00 
    5439            11      1.2247448713915876e+00 
    5440             7     -9.9999999999999978e-01 
    5452            17      1.2247448713915872e+00 
    5453            12     -1.2247448713915874e+00 
    5454             8      9.9999999999999956e-01 
    5460            20      1.0000000000000000e+00 
    5460            14      9.9999999999999956e-01 
    5460             5      1.0000000000000000e+00 
    5460             0      2.0000000000000004e+00 
    5460             2      9.9999999999999967e-01 
    5484            10      1.1547005383792512e+00 
    5487            10     -2.0412414523193143e-01 
    5488            15     -4.9999999999999928e-01 
    5489            10      3.5355339059327340e-01 
    5491             6      4.9999999999999961e-01 
    5494             3      9.9999999999999922e-01 
    5504            10     -3.5355339059327340e-01 
    5505            15     -8.6602540378443693e-01 
    5506            10      6.1237243569579347e-01 
    5508             6      8.6602540378443738e-01 
    5525             1     -9.9999999999999967e-01 
    5544            11     -4.9999999999999978e-01 
    5545            16     -1.2247448713915872e+00 
    5546            11      8.6602540378443771e-01 
    5548             7      1.2247448713915881e+00 
    5558            12      4.9999999999999961e-01 
    5559            17      1.2247448713915869e+00 
    5560            12     -8.6602540378443749e-01 
    5562             8     -1.2247448713915876e+00 
    5564            13      9.9999999999999967e-01 
    5565            20      1.0000000000000000e+00 
    5565             9      9.9999999999999956e-01 
    5565             5      1.0000000000000000e+00 
    5565             0      2.0000000000000004e+00 
    5565             2      9.9999999999999967e-01 
    5589            15     -1.1547005383792512e+00 
    5592            15      2.0412414523193140e-01 
    5594            15      3.5355339059327345e-01 
    5595            10     -4.9999999999999944e-01 
    5597             6      4.9999999999999961e-01 
    5600             3      9.9999999999999922e-01 
    5609            15      3.5355339059327334e-01 
    5611            15      6.1237243569579358e-01 
    5612            10     -8.6602540378443726e-01 
    5614             6      8.6602540378443738e-01 
    5631             1     -9.9999999999999967e-01 
    5649            16      4.9999999999999967e-01 
    5651            16      8.6602540378443771e-01 
    5652            11     -1.2247448713915876e+00 
    5654             7      1.2247448713915881e+00 
    5663            17     -4.9999999999999950e-01 
    5665            17     -8.6602540378443749e-01 
    5666            12      1.2247448713915874e+00 
    5668             8     -1.2247448713915876e+00 
    5669            18     -9.9999999999999956e-01 
    5670            19      9.9999999999999933e-01 
    5671            14      1.0000000000000000e+00 
    5671             9      9.9999999999999956e-01 
    5671             5      1.0000000000000000e+00 
    5671             0      2.0000000000000004e+00 
    5671             2      9.9999999999999967e-01 
    5696            10     -1.2247448713915874e+00 
    5699             6     -1.2247448713915878e+00 
    5713            10      7.0710678118654691e-01 
    5716             6      7.0710678118654702e-01 
    5721             3     -9.9999999999999900e-01 
    5738             1     -9.9999999999999967e-01 
    5753            11      9.9999999999999956e-01 
    5756             7      9.9999999999999967e-01 
    5761             4     -1.4142135623730945e+00 
    5767            12      9.9999999999999922e-01 
    5770             8      9.9999999999999933e-01 
    5778            20      2.0000000000000004e+00 
    5778             5      1.0000000000000000e+00 
    5778             0      2.0000000000000004e+00 
    5778             2      9.9999999999999967e-01 
    5803            15     -8.6602540378443693e-01 
    5804            10     -8.6602540378443738e-01 
    5807             6     -1.2247448713915878e+00 
    5820            15      4.9999999999999922e-01 
    5821            10      4.9999999999999944e-01 
    5824             6      7.0710678118654702e-01 
    5829             3     -9.9999999999999900e-01 
    5846             1     -9.9999999999999967e-01 
    5860            16      7.0710678118654668e-01 
    5861            11      7.0710678118654713e-01 
    5864             7      9.9999999999999967e-01 
    5869             4     -1.4142135623730945e+00 
    5874            17      7.0710678118654646e-01 
    5875            12      7.0710678118654691e-01 
    5878             8      9.9999999999999933e-01 
    5885            19     -1.4142135623730945e+00 
    5886            20      1.0000000000000000e+00 
    5886            14      9.9999999999999967e-01 
    5886             5      1.0000000000000000e+00 
    5886             0      2.0000000000000004e+00 
    5886             2      9.9999999999999967e-01 
    5912            15     -1.2247448713915872e+00 
    5916             6     -1.2247448713915878e+00 
    5929            15      7.0710678118654668e-01 
    5933             6      7.0710678118654702e-01 
    5938             3     -9.9999999999999900e-01 
    5955             1     -9.9999999999999967e-01 
    5969            16      9.9999999999999933e-01 
    5973             7      9.9999999999999967e-01 
    5978             4     -1.4142135623730945e+00 
    5983            17      9.9999999999999900e-01 
    5987             8      9.9999999999999933e-01 
    5994            19     -1.4142135623730949e+00 
    5995            14      2.0000000000000004e+00 
    5995             5      1.0000000000000000e+00 
    5995             0      2.0000000000000004e+00 
    5995             2      9.9999999999999967e-01 
    6022            10      1.0606601717798194e+00 
    6023            15     -8.6602540378443693e-01 
    6024            10      6.1237243569579347e-01 
    6026             6     -8.6602540378443771e-01 
    6039            10     -6.1237243569579358e-01 
    6040            15      4.9999999999999911e-01 
    6041            10     -3.5355339059327329e-01 
    6043             6      4.9999999999999961e-01 
    6048             3     -9.9999999999999900e-01 
    6065             1     -9.9999999999999967e-01 
    6079            11     -8.6602540378443771e-01 
    6080            16      7.0710678118654657e-01 
    6081            11     -4.9999999999999950e-01 
    6083             7      7.0710678118654724e-01 
    6088             4     -1.4142135623730945e+00 
    6093            12     -8.6602540378443738e-01 
    6094            17      7.0710678118654635e-01 
    6095            12     -4.9999999999999939e-01 
    6097             8      7.0710678118654702e-01 
    6102            18     -1.4142135623730940e+00 
    6103            13      9.9999999999999967e-01 
    6105            20      1.0000000000000000e+00 
    6105             9      9.9999999999999967e-01 
    6105             5      1.0000000000000000e+00 
    6105             0      2.0000000000000004e+00 
    6105             2      9.9999999999999967e-01 
    6132            15     -1.0606601717798194e+00 
    6134            15      6.1237243569579358e-01 
    6135            10     -8.6602540378443726e-01 
    6137             6     -8.6602540378443771e-01 
    6149            15      6.1237243569579347e-01 
    6151            15     -3.5355339059327334e-01 
    6152            10      4.9999999999999928e-01 
    6154             6      4.9999999999999961e-01 
    6159             3     -9.9999999999999900e-01 
    6176             1     -9.9999999999999967e-01 
    6189            16      8.6602540378443749e-01 
    6191            16     -4.9999999999999950e-01 
    6192            11      7.0710678118654680e-01 
    6194             7      7.0710678118654724e-01 
    6199             4     -1.4142135623730945e+00 
    6203            17      8.6602540378443726e-01 
    6205            17     -4.9999999999999939e-01 
    6206            12      7.0710678118654657e-01 
    6208             8      7.0710678118654702e-01 
    6213            18      9.9999999999999967e-01 
    6214            13     -1.4142135623730945e+00 
    6215            19      9.9999999999999933e-01 
    6216            14      1.0000000000000000e+00 
    6216             9      9.9999999999999967e-01 
    6216             5      1.0000000000000000e+00 
    6216             0      2.0000000000000004e+00 
    6216             2      9.9999999999999967e-01 
    6247            15     -1.2247448713915872e+00 
    6248            10     -1.2247448713915874e+00 
    6264            15      7.0710678118654668e-01 
    6265            10      7.0710678118654691e-01 
    6271             3     -9.9999999999999900e-01 
    6288             1     -9.9999999999999967e-01 
    6304            16      9.9999999999999933e-01 
    6305            11      9.9999999999999956e-01 
    6311             4     -1.4142135623730945e+00 
    6318            17      9.9999999999999900e-01 
    6319            12      9.9999999999999922e-01 
    6326            18     -1.4142135623730945e+00 
    6327            13     -1.4142135623730949e+00 
    6328             9      2.0000000000000004e+00 
    6328             5      1.0000000000000000e+00 
    6328             0      2.0000000000000004e+00 
    6328             2      9.9999999999999967e-01 
    6361            10      1.2247448713915865e+00 
    6362             6      1.2247448713915872e+00 
    6378            15     -9.9999999999999811e-01 
    6379            10      7.0710678118654646e-01 
    6381             6      7.0710678118654668e-01 
    6401             1     -9.9999999999999967e-01 
    6418            16     -1.4142135623730931e+00 
    6419            11      9.9999999999999900e-01 
    6421             7      9.9999999999999933e-01 
    6432            12     -1.2247448713915876e+00 
    6433             8     -1.2247448713915883e+00 
    6435            17     -9.9999999999999878e-01 
    6436            12      7.0710678118654691e-01 
    6438             8      7.0710678118654713e-01 
    6441            20      1.0000000000000000e+00 
    6441             5      1.9999999999999996e+00 
    6441             0      2.0000000000000004e+00 
    6441             2      9.9999999999999967e-01 
    6474            15     -1.2247448713915865e+00 
    6476             6      1.2247448713915872e+00 
    6492            15      7.0710678118654657e-01 
    6493            10     -9.9999999999999845e-01 
    6495             6      7.0710678118654668e-01 
    6515             1     -9.9999999999999967e-01 
    6532            16      9.9999999999999900e-01 
    6533            11     -1.4142135623730936e+00 
    6535             7      9.9999999999999933e-01 
    6545            17      1.2247448713915874e+00 
    6547             8     -1.2247448713915883e+00 
    6549            17      7.0710678118654702e-01 
    6550            12     -9.9999999999999900e-01 
    6552             8      7.0710678118654713e-01 
    6554            19      9.9999999999999933e-01 
    6555            14      1.0000000000000000e+00 
    6555             5      1.9999999999999996e+00 
    6555             0      2.0000000000000004e+00 
    6555             2      9.9999999999999967e-01 
    6589            15     -1.2247448713915867e+00 
    6590            10     -1.2247448713915869e+00 
    6608            15      7.0710678118654668e-01 
    6609            10      7.0710678118654680e-01 
    6610             6     -9.9999999999999878e-01 
    6630             1     -9.9999999999999967e-01 
    6648            16      9.9999999999999922e-01 
    6649            11      9.9999999999999933e-01 
    6650             7     -1.4142135623730940e+00 
    6660            17      1.2247448713915878e+00 
    6661            12      1.2247448713915881e+00 
    6665            17      7.0710678118654713e-01 
    6666            12      7.0710678118654724e-01 
    6667             8     -9.9999999999999956e-01 
    6668            18      9.9999999999999922e-01 
    6669            13      9.9999999999999933e-01 
    6670             5      1.9999999999999996e+00 
    6670             9      1.0000000000000000e+00 
    6670             0      2.0000000000000004e+00 
    6670             2      9.9999999999999967e-01 
    6726            10     -1.4142135623730938e+00 
    6729             6     -1.4142135623730943e+00 
    6737             3     -1.4142135623730945e+00 
    6766            11     -1.4142135623730943e+00 
    6769             7     -1.4142135623730945e+00 
    6777             4     -1.4142135623730949e+00 
    6786            20      2.0000000000000004e+00 
    6786             0      2.0000000000000004e+00 
    6786             2      2.0000000000000004e+00 
    6842            15     -9.9999999999999845e-01 
    6843            10     -9.9999999999999900e-01 
    6846             6     -1.4142135623730943e+00 
    6854             3     -1.4142135623730945e+00 
    6882            16     -9.9999999999999878e-01 
    6883            11     -9.9999999999999922e-01 
    6886             7     -1.4142135623730945e+00 
    6894             4     -1.4142135623730949e+00 
    6902            19     -1.4142135623730945e+00 
    6903            20      1.0000000000000000e+00 
    6903            14      9.9999999999999967e-01 
    6903             0      2.0000000000000004e+00 
    6903             2      2.0000000000000004e+00 
    6960            15     -1.4142135623730936e+00 
    6964             6     -1.4142135623730943e+00 
    6972             3     -1.4142135623730945e+00 
    7000            16     -1.4142135623730938e+00 
    7004             7     -1.4142135623730945e+00 
    7012             4     -1.4142135623730949e+00 
    7020            19     -1.4142135623730949e+00 
    7021            14      2.0000000000000004e+00 
    7021             0      2.0000000000000004e+00 
    7021             2      2.0000000000000004e+00 
    7079            10      1.2247448713915874e+00 
    7080            15     -9.9999999999999845e-01 
    7081            10      7.0710678118654668e-01 
    7083             6     -9.9999999999999922e-01 
    7091             3     -1.4142135623730945e+00 
    7119            11      1.2247448713915876e+00 
    7120            16     -9.9999999999999856e-01 
    7121            11      7.0710678118654680e-01 
    7123             7     -9.9999999999999956e-01 
    7131             4     -1.4142135623730949e+00 
    7137            18     -1.4142135623730940e+00 
    7138            13      9.9999999999999967e-01 
    7140            20      1.0000000000000000e+00 
    7140             9      9.9999999999999967e-01 
    7140             0      2.0000000000000004e+00 
    7140             2      2.0000000000000004e+00 
    7198            15     -1.2247448713915872e+00 
    7200            15      7.0710678118654668e-01 
    7201            10     -9.9999999999999878e-01 
    7203             6     -9.9999999999999922e-01 
    7211             3     -1.4142135623730945e+00 
    7238            16     -1.2247448713915874e+00 
    7240            16      7.0710678118654691e-01 
    7241            11     -9.9999999999999889e-01 
    7243             7     -9.9999999999999956e-01 
    7251             4     -1.4142135623730949e+00 
    7257            18      9.9999999999999967e-01 
    7258            13     -1.4142135623730945e+00 
    7259            19      9.9999999999999933e-01 
    7260            14      1.0000000000000000e+00 
    7260             9      9.9999999999999967e-01 
    7260             0      2.0000000000000004e+00 
    7260             2      2.0000000000000004e+00 
    7322            15     -1.4142135623730936e+00 
    7323            10     -1.4142135623730938e+00 
    7332             3     -1.4142135623730945e+00 
    7362            16     -1.4142135623730938e+00 
    7363            11     -1.4142135623730943e+00 
    7372             4     -1.4142135623730949e+00 
    7379            18     -1.4142135623730945e+00 
    7380            13     -1.4142135623730949e+00 
    7381             9      2.0000000000000004e+00 
    7381             0      2.0000000000000004e+00 
    7381             2      2.0000000000000004e+00 
    7445            10      1.2247448713915869e+00 
    7446             6      1.2247448713915876e+00 
    7448            15     -9.9999999999999822e-01 
    7449            10      7.0710678118654657e-01 
    7451             6      7.0710678118654680e-01 
    7454             3     -9.9999999999999956e-01 
    7485            11      1.2247448713915872e+00 
    7486             7      1.2247448713915881e+00 
    7488            16     -9.9999999999999845e-01 
    7489            11      7.0710678118654668e-01 
    7491             7      7.0710678118654691e-01 
    7494             4     -9.9999999999999967e-01 
    7497            17     -1.4142135623730936e+00 
    7498            12      9.9999999999999933e-01 
    7500             8      9.9999999999999967e-01 
    7503            20      1.0000000000000000e+00 
    7503             0      2.0000000000000004e+00 
    7503             2      2.0000000000000004e+00 
    7503             5      9.9999999999999967e-01 
    7567            15     -1.2247448713915869e+00 
    7569             6      1.2247448713915876e+00 
    7571            15      7.0710678118654668e-01 
    7572            10     -9.9999999999999856e-01 
    7574             6      7.0710678118654680e-01 
    7577             3     -9.9999999999999956e-01 
    7607            16     -1.2247448713915869e+00 
    7609             7      1.2247448713915881e+00 
    7611            16      7.0710678118654680e-01 
    7612            11     -9.9999999999999878e-01 
    7614             7      7.0710678118654691e-01 
    7617             4     -9.9999999999999967e-01 
    7620            17      9.9999999999999933e-01 
    7621            12     -1.4142135623730940e+00 
    7623             8      9.9999999999999967e-01 
    7625            19      9.9999999999999933e-01 
    7626            14      1.0000000000000000e+00 
    7626             0      2.0000000000000004e+00 
    7626             2      2.0000000000000004e+00 
    7626             5      9.9999999999999967e-01 
    7691            15     -1.2247448713915872e+00 
    7692            10     -1.2247448713915874e+00 
    7696            15      7.0710678118654668e-01 
    7697            10      7.0710678118654691e-01 
    7698             6     -9.9999999999999889e-01 
    7701             3     -9.9999999999999956e-01 
    7731            16     -1.2247448713915874e+00 
    7732            11     -1.2247448713915878e+00 
    7736            16      7.0710678118654691e-01 
    7737            11      7.0710678118654702e-01 
    7738             7     -9.9999999999999900e-01 
    7741             4     -9.9999999999999967e-01 
    7745            17      9.9999999999999956e-01 
    7746            12      9.9999999999999967e-01 
    7747             8     -1.4142135623730945e+00 
    7748            18      9.9999999999999922e-01 
    7749            13      9.9999999999999933e-01 
    7750             9      1.0000000000000000e+00 
    7750             0      2.0000000000000004e+00 
    7750             2      2.0000000000000004e+00 
    7750             5      9.9999999999999967e-01 
    7823            15     -1.4142135623730936e+00 
    7824            10     -1.4142135623730938e+00 
    7825             6     -1.4142135623730943e+00 
    7863            16     -1.4142135623730938e+00 
    7864            11     -1.4142135623730943e+00 
    7865             7     -1.4142135623730945e+00 
    7872            17     -1.4142135623730943e+00 
    7873            12     -1.4142135623730945e+00 
    7874             8     -1.4142135623730949e+00 
    7875             0      2.0000000000000004e+00 
    7875             2      2.0000000000000004e+00 
    7875             5      2.0000000000000004e+00 
