 CSF List 
["e", "e", "f", "f"]
["e", "u", "d", "f"]
["e", "u", "f", "d"]
["e", "f", "e", "f"]
["e", "f", "u", "d"]
["e", "f", "f", "e"]
["u", "e", "d", "f"]
["u", "e", "f", "d"]
["u", "u", "d", "d"]
["u", "d", "e", "f"]
["u", "d", "u", "d"]
["u", "d", "f", "e"]
["u", "f", "e", "d"]
["u", "f", "d", "e"]
["f", "e", "e", "f"]
["f", "e", "u", "d"]
["f", "e", "f", "e"]
["f", "u", "e", "d"]
["f", "u", "d", "e"]
["f", "f", "e", "e"]
 Energy Expression 
      IJ       pqrs     Coef 
       1             5      2.0000000000000004e+00 
       1             9      2.0000000000000004e+00 
       2             4     -1.4142135623730945e+00 
       3             9      2.0000000000000004e+00 
       3             2      9.9999999999999967e-01 
       3             5      1.0000000000000000e+00 
       4             7     -1.4142135623730940e+00 
       5             8     -9.9999999999999956e-01 
       6             2      9.9999999999999967e-01 
       6             5      1.9999999999999996e+00 
       6             9      1.0000000000000000e+00 
       8             4     -1.4142135623730949e+00 
      10             9      2.0000000000000004e+00 
      10             2      2.0000000000000004e+00 
      12             7     -9.9999999999999900e-01 
      13             4     -9.9999999999999967e-01 
      14             8     -1.4142135623730945e+00 
      15             9      1.0000000000000000e+00 
      15             2      2.0000000000000004e+00 
      15             5      9.9999999999999967e-01 
      18             7     -1.4142135623730945e+00 
      20             8     -1.4142135623730949e+00 
      21             2      2.0000000000000004e+00 
      21             5      2.0000000000000004e+00 
      22             3     -1.4142135623730940e+00 
      23             1      9.9999999999999967e-01 
      28             9      2.0000000000000004e+00 
      28             5      1.0000000000000000e+00 
      28             0      9.9999999999999967e-01 
      29             6     -1.4142135623730936e+00 
      31             1      9.9999999999999967e-01 
      35             8     -9.9999999999999956e-01 
      36             5      1.9999999999999996e+00 
      36             9      1.0000000000000000e+00 
      36             0      9.9999999999999967e-01 
      38             6     -1.2247448713915876e+00 
      39             3      1.2247448713915881e+00 
      43             7      1.2247448713915874e+00 
      44             4     -1.2247448713915876e+00 
      45             9      1.0000000000000000e+00 
      45             0      9.9999999999999967e-01 
      45             2      1.0000000000000000e+00 
      45             5      9.9999999999999956e-01 
      47             3      9.9999999999999967e-01 
      49             1     -1.4142135623730945e+00 
      52             4      9.9999999999999933e-01 
      55             9      2.0000000000000004e+00 
      55             0      9.9999999999999967e-01 
      55             2      1.0000000000000000e+00 
      57             6      7.0710678118654680e-01 
      58             3      7.0710678118654724e-01 
      60             1     -1.4142135623730945e+00 
      62             7      7.0710678118654657e-01 
      63             4      7.0710678118654702e-01 
      65             8     -1.4142135623730945e+00 
      66             9      1.0000000000000000e+00 
      66             5      9.9999999999999967e-01 
      66             0      9.9999999999999967e-01 
      66             2      1.0000000000000000e+00 
      69             6      9.9999999999999956e-01 
      72             1     -1.4142135623730945e+00 
      74             7      9.9999999999999922e-01 
      77             8     -1.4142135623730949e+00 
      78             5      2.0000000000000004e+00 
      78             0      9.9999999999999967e-01 
      78             2      1.0000000000000000e+00 
      82             6     -1.4142135623730936e+00 
      83             3      9.9999999999999933e-01 
      87             4     -1.2247448713915883e+00 
      88             7     -9.9999999999999900e-01 
      89             4      7.0710678118654713e-01 
      91             9      1.0000000000000000e+00 
      91             0      9.9999999999999967e-01 
      91             2      1.9999999999999996e+00 
      96             6      9.9999999999999933e-01 
      97             3     -1.4142135623730940e+00 
     100             7      1.2247448713915881e+00 
     102             7      7.0710678118654724e-01 
     103             4     -9.9999999999999956e-01 
     104             8      9.9999999999999933e-01 
     105             0      9.9999999999999967e-01 
     105             2      1.9999999999999996e+00 
     105             5      1.0000000000000000e+00 
     112             3     -1.4142135623730945e+00 
     115             1     -1.4142135623730949e+00 
     120             9      2.0000000000000004e+00 
     120             0      2.0000000000000004e+00 
     127             6     -9.9999999999999889e-01 
     128             3     -9.9999999999999956e-01 
     131             1     -1.4142135623730949e+00 
     135             8     -1.4142135623730945e+00 
     136             9      1.0000000000000000e+00 
     136             5      9.9999999999999967e-01 
     136             0      2.0000000000000004e+00 
     144             6     -1.4142135623730943e+00 
     148             1     -1.4142135623730949e+00 
     152             8     -1.4142135623730949e+00 
     153             5      2.0000000000000004e+00 
     153             0      2.0000000000000004e+00 
     162             3      1.2247448713915881e+00 
     163             6     -9.9999999999999878e-01 
     164             3      7.0710678118654691e-01 
     166             1     -9.9999999999999967e-01 
     168             7     -1.4142135623730940e+00 
     169             4      9.9999999999999967e-01 
     171             9      1.0000000000000000e+00 
     171             0      2.0000000000000004e+00 
     171             2      9.9999999999999967e-01 
     180             6     -1.2247448713915878e+00 
     182             6      7.0710678118654702e-01 
     183             3     -9.9999999999999900e-01 
     185             1     -9.9999999999999967e-01 
     187             7      9.9999999999999967e-01 
     188             4     -1.4142135623730945e+00 
     189             8      9.9999999999999933e-01 
     190             5      1.0000000000000000e+00 
     190             0      2.0000000000000004e+00 
     190             2      9.9999999999999967e-01 
     203             6     -1.4142135623730943e+00 
     204             3     -1.4142135623730945e+00 
     208             7     -1.4142135623730945e+00 
     209             4     -1.4142135623730949e+00 
     210             0      2.0000000000000004e+00 
     210             2      2.0000000000000004e+00 
