 CSF List 
["e", "e", "f", "f"]
["e", "u", "d", "f"]
["e", "u", "f", "d"]
["e", "f", "e", "f"]
["e", "f", "u", "d"]
["e", "f", "f", "e"]
["u", "e", "d", "f"]
["u", "e", "f", "d"]
["u", "u", "d", "d"]
["u", "d", "e", "f"]
["u", "d", "u", "d"]
["u", "d", "f", "e"]
["u", "f", "e", "d"]
["u", "f", "d", "e"]
["f", "e", "e", "f"]
["f", "e", "u", "d"]
["f", "e", "f", "e"]
["f", "u", "e", "d"]
["f", "u", "d", "e"]
["f", "f", "e", "e"]
 Energy Expression 
      IJ       pqrs     Coef 
       1             5      2.0000000000000004e+00 
       1             9      2.0000000000000004e+00 
       1            54     -2.0000000000000004e+00 
       1            60      4.0000000000000009e+00 
       1            30      1.0000000000000000e+00 
       1            64      1.0000000000000000e+00 
       2             4     -1.4142135623730945e+00 
       2            53      1.4142135623730945e+00 
       2            59     -2.8284271247461890e+00 
       2            29     -1.4142135623730943e+00 
       3             9      2.0000000000000004e+00 
       3            64      1.0000000000000000e+00 
       3             2      9.9999999999999967e-01 
       3             5      1.0000000000000000e+00 
       3            24      9.9999999999999956e-01 
       3            45     -9.9999999999999967e-01 
       3            54     -1.0000000000000000e+00 
       3            27      9.9999999999999956e-01 
       3            57      1.9999999999999993e+00 
       3            60      2.0000000000000000e+00 
       4             7     -1.4142135623730940e+00 
       4            50      1.4142135623730940e+00 
       4            43     -2.8284271247461881e+00 
       4            62     -1.4142135623730938e+00 
       5             8     -9.9999999999999956e-01 
       5            42      1.9999999999999978e+00 
       5            48     -9.9999999999999900e-01 
       5            63     -9.9999999999999933e-01 
       5            51     -9.9999999999999922e-01 
       6             2      9.9999999999999967e-01 
       6             5      1.9999999999999996e+00 
       6             9      1.0000000000000000e+00 
       6            24     -9.9999999999999933e-01 
       6            45      9.9999999999999889e-01 
       6            54     -9.9999999999999967e-01 
       6            27      1.9999999999999987e+00 
       6            57      9.9999999999999922e-01 
       6            60      1.9999999999999993e+00 
       6            30      9.9999999999999967e-01 
       7            24      1.0000000000000002e+00 
       8             4     -1.4142135623730949e+00 
       8            53      1.4142135623730949e+00 
       8            59     -2.8284271247461898e+00 
       8            22     -1.4142135623730945e+00 
       9            50      1.4142135623730940e+00 
      10             9      2.0000000000000004e+00 
      10            64      1.0000000000000000e+00 
      10             2      2.0000000000000004e+00 
      10            45     -2.0000000000000004e+00 
      10            57      4.0000000000000009e+00 
      10            15      1.0000000000000000e+00 
      11            42      1.4142135623730945e+00 
      12             7     -9.9999999999999900e-01 
      12            50      1.9999999999999973e+00 
      12            43     -9.9999999999999889e-01 
      12            62     -9.9999999999999900e-01 
      12            40     -9.9999999999999889e-01 
      13             4     -9.9999999999999967e-01 
      13            53      1.9999999999999991e+00 
      13            59     -9.9999999999999956e-01 
      13            29     -9.9999999999999956e-01 
      13            22     -9.9999999999999956e-01 
      14             8     -1.4142135623730945e+00 
      14            42      1.4142135623730945e+00 
      14            48     -2.8284271247461890e+00 
      14            63     -1.4142135623730943e+00 
      15             9      1.0000000000000000e+00 
      15             2      2.0000000000000004e+00 
      15            15      1.0000000000000000e+00 
      15             5      9.9999999999999967e-01 
      15            24     -9.9999999999999967e-01 
      15            45     -9.9999999999999978e-01 
      15            54      9.9999999999999956e-01 
      15            27      1.9999999999999993e+00 
      15            57      1.9999999999999996e+00 
      15            60      9.9999999999999956e-01 
      16            45      1.0000000000000002e+00 
      17            53      1.4142135623730949e+00 
      18             7     -1.4142135623730945e+00 
      18            50      1.4142135623730945e+00 
      18            43     -2.8284271247461890e+00 
      18            40     -1.4142135623730943e+00 
      19            54      1.0000000000000002e+00 
      20             8     -1.4142135623730949e+00 
      20            42      1.4142135623730947e+00 
      20            48     -2.8284271247461894e+00 
      20            51     -1.4142135623730945e+00 
      21             2      2.0000000000000004e+00 
      21            15      1.0000000000000000e+00 
      21             5      2.0000000000000004e+00 
      21            24     -2.0000000000000004e+00 
      21            27      4.0000000000000009e+00 
      21            30      1.0000000000000000e+00 
      22             3     -1.4142135623730940e+00 
      22            52      1.4142135623730940e+00 
      22            58     -2.8284271247461881e+00 
      22            28     -1.4142135623730938e+00 
      23             1      9.9999999999999967e-01 
      23            23      9.9999999999999956e-01 
      23            44     -9.9999999999999967e-01 
      23            26      9.9999999999999956e-01 
      23            56      1.9999999999999993e+00 
      24            41      1.9999999999999978e+00 
      24            47     -9.9999999999999900e-01 
      25            21     -1.4142135623730945e+00 
      26            39     -9.9999999999999889e-01 
      28             9      2.0000000000000004e+00 
      28            64      1.0000000000000000e+00 
      28             5      1.0000000000000000e+00 
      28            54     -1.0000000000000000e+00 
      28            60      2.0000000000000000e+00 
      28             0      9.9999999999999967e-01 
      28            19      9.9999999999999889e-01 
      28            37     -9.9999999999999933e-01 
      28            25      9.9999999999999922e-01 
      28            55      1.9999999999999987e+00 
      29             6     -1.4142135623730936e+00 
      29            49      1.4142135623730936e+00 
      29            36     -2.8284271247461872e+00 
      29            61     -1.4142135623730934e+00 
      30            35      1.9999999999999978e+00 
      30            47     -9.9999999999999900e-01 
      31             1      9.9999999999999967e-01 
      31            23     -9.9999999999999933e-01 
      31            44      9.9999999999999889e-01 
      31            26      1.9999999999999987e+00 
      31            56      9.9999999999999922e-01 
      33            21     -9.9999999999999956e-01 
      34            39     -1.4142135623730943e+00 
      35             8     -9.9999999999999956e-01 
      35            63     -9.9999999999999933e-01 
      35            51     -9.9999999999999922e-01 
      35            34      1.9999999999999969e+00 
      35            46     -9.9999999999999878e-01 
      36             5      1.9999999999999996e+00 
      36             9      1.0000000000000000e+00 
      36            54     -9.9999999999999967e-01 
      36            60      1.9999999999999993e+00 
      36            30      9.9999999999999967e-01 
      36             0      9.9999999999999967e-01 
      36            19     -9.9999999999999900e-01 
      36            37      9.9999999999999833e-01 
      36            25      1.9999999999999980e+00 
      36            55      9.9999999999999889e-01 
      37            41     -1.7320508075688761e+00 
      37            35      1.7320508075688761e+00 
      38             6     -1.2247448713915876e+00 
      38            39      1.2247448713915885e+00 
      38            33     -1.2247448713915874e+00 
      38            36     -1.2247448713915874e+00 
      38            61     -1.2247448713915876e+00 
      39             3      1.2247448713915881e+00 
      39            21     -1.2247448713915889e+00 
      39            18      1.2247448713915876e+00 
      39            58      1.2247448713915878e+00 
      39            28      1.2247448713915878e+00 
      40            35      1.7320508075688761e+00 
      41            23     -1.2247448713915892e+00 
      41            44      1.2247448713915881e+00 
      42            41     -1.7320508075688750e+00 
      43             7      1.2247448713915874e+00 
      43            43      1.2247448713915872e+00 
      43            32     -1.2247448713915872e+00 
      43            38      1.2247448713915867e+00 
      43            62      1.2247448713915874e+00 
      44             4     -1.2247448713915876e+00 
      44            17      1.2247448713915874e+00 
      44            20     -1.2247448713915869e+00 
      44            59     -1.2247448713915874e+00 
      44            29     -1.2247448713915876e+00 
      45             9      1.0000000000000000e+00 
      45             0      9.9999999999999967e-01 
      45             2      1.0000000000000000e+00 
      45             5      9.9999999999999956e-01 
      45            12     -1.0000000000000004e+00 
      45            19      5.0000000000000144e-01 
      45            24      5.0000000000000144e-01 
      45            37      5.0000000000000089e-01 
      45            45      5.0000000000000089e-01 
      45            54     -9.9999999999999967e-01 
      45            13      9.9999999999999956e-01 
      45            25      9.9999999999999889e-01 
      45            27      9.9999999999999933e-01 
      45            55      9.9999999999999878e-01 
      45            57      9.9999999999999922e-01 
      45            60      9.9999999999999933e-01 
      46            23     -1.4142135623730945e+00 
      47             3      9.9999999999999967e-01 
      47            21      9.9999999999999956e-01 
      47            18      9.9999999999999956e-01 
      47            52     -9.9999999999999967e-01 
      47            58      1.9999999999999993e+00 
      48            49     -9.9999999999999878e-01 
      49             1     -1.4142135623730945e+00 
      49            44      1.4142135623730945e+00 
      49            56     -2.8284271247461890e+00 
      49            14     -1.4142135623730943e+00 
      50            41     -9.9999999999999933e-01 
      50            47      1.9999999999999987e+00 
      52             4      9.9999999999999933e-01 
      52            17      9.9999999999999878e-01 
      52            20      9.9999999999999889e-01 
      52            53     -9.9999999999999933e-01 
      52            59      1.9999999999999987e+00 
      53            50     -9.9999999999999922e-01 
      54            34     -1.2247448713915876e+00 
      54            42      1.2247448713915883e+00 
      55             9      2.0000000000000004e+00 
      55            64      1.0000000000000000e+00 
      55             0      9.9999999999999967e-01 
      55             2      1.0000000000000000e+00 
      55            12      9.9999999999999956e-01 
      55            37     -9.9999999999999967e-01 
      55            45     -1.0000000000000000e+00 
      55            13      9.9999999999999956e-01 
      55            55      1.9999999999999993e+00 
      55            57      2.0000000000000000e+00 
      56            41     -9.9999999999999900e-01 
      56            35     -9.9999999999999900e-01 
      57             6      7.0710678118654680e-01 
      57            39      7.0710678118654680e-01 
      57            49     -1.4142135623730934e+00 
      57            33      7.0710678118654668e-01 
      57            36      7.0710678118654668e-01 
      57            61      7.0710678118654668e-01 
      58             3      7.0710678118654724e-01 
      58            21      7.0710678118654702e-01 
      58            18      7.0710678118654713e-01 
      58            52     -1.4142135623730943e+00 
      58            58      7.0710678118654713e-01 
      58            28      7.0710678118654713e-01 
      59            35     -9.9999999999999900e-01 
      59            47      1.9999999999999980e+00 
      60             1     -1.4142135623730945e+00 
      60            14     -1.4142135623730943e+00 
      60            23      7.0710678118654691e-01 
      60            44      7.0710678118654702e-01 
      60            26     -1.4142135623730938e+00 
      60            56     -1.4142135623730940e+00 
      61            41     -9.9999999999999956e-01 
      61            47      1.9999999999999991e+00 
      62             7      7.0710678118654657e-01 
      62            50     -1.4142135623730929e+00 
      62            43      7.0710678118654646e-01 
      62            32      7.0710678118654635e-01 
      62            38      7.0710678118654624e-01 
      62            62      7.0710678118654646e-01 
      63             4      7.0710678118654702e-01 
      63            17      7.0710678118654680e-01 
      63            20      7.0710678118654668e-01 
      63            53     -1.4142135623730938e+00 
      63            59      7.0710678118654691e-01 
      63            29      7.0710678118654691e-01 
      64            19      8.6602540378443849e-01 
      64            24     -8.6602540378443893e-01 
      64            37     -8.6602540378443771e-01 
      64            45      8.6602540378443826e-01 
      65             8     -1.4142135623730945e+00 
      65            63     -1.4142135623730943e+00 
      65            34      7.0710678118654691e-01 
      65            42      7.0710678118654713e-01 
      65            46     -1.4142135623730938e+00 
      65            48     -1.4142135623730943e+00 
      66             9      1.0000000000000000e+00 
      66             5      9.9999999999999967e-01 
      66            54      9.9999999999999956e-01 
      66            60      9.9999999999999956e-01 
      66             0      9.9999999999999967e-01 
      66             2      1.0000000000000000e+00 
      66            12      9.9999999999999956e-01 
      66            13      9.9999999999999956e-01 
      66            19     -4.9999999999999961e-01 
      66            24     -4.9999999999999978e-01 
      66            37     -4.9999999999999967e-01 
      66            45     -4.9999999999999983e-01 
      66            25      9.9999999999999922e-01 
      66            27      9.9999999999999956e-01 
      66            55      9.9999999999999933e-01 
      66            57      9.9999999999999967e-01 
      67            44     -1.4142135623730945e+00 
      68            52     -9.9999999999999967e-01 
      69             6      9.9999999999999956e-01 
      69            39      9.9999999999999922e-01 
      69            49     -9.9999999999999956e-01 
      69            33      9.9999999999999933e-01 
      69            36      1.9999999999999991e+00 
      71            35     -9.9999999999999933e-01 
      71            47      1.9999999999999987e+00 
      72             1     -1.4142135623730945e+00 
      72            14     -1.4142135623730943e+00 
      72            23      1.4142135623730945e+00 
      72            26     -2.8284271247461890e+00 
      73            53     -9.9999999999999933e-01 
      74             7      9.9999999999999922e-01 
      74            50     -9.9999999999999922e-01 
      74            43      1.9999999999999984e+00 
      74            32      9.9999999999999867e-01 
      74            38      9.9999999999999867e-01 
      75            34      1.2247448713915874e+00 
      75            42     -1.2247448713915876e+00 
      76            54      1.0000000000000002e+00 
      77             8     -1.4142135623730949e+00 
      77            51     -1.4142135623730945e+00 
      77            34      7.0710678118654702e-01 
      77            42      7.0710678118654724e-01 
      77            46     -1.4142135623730940e+00 
      77            48     -1.4142135623730945e+00 
      78             5      2.0000000000000004e+00 
      78            30      1.0000000000000000e+00 
      78             0      9.9999999999999967e-01 
      78             2      1.0000000000000000e+00 
      78            12      9.9999999999999956e-01 
      78            13      9.9999999999999956e-01 
      78            19     -9.9999999999999967e-01 
      78            24     -1.0000000000000000e+00 
      78            25      1.9999999999999993e+00 
      78            27      2.0000000000000000e+00 
      80            41     -9.9999999999999867e-01 
      80            35      1.9999999999999978e+00 
      81            23     -9.9999999999999933e-01 
      82             6     -1.4142135623730936e+00 
      82            39      1.4142135623730936e+00 
      82            33     -2.8284271247461872e+00 
      82            61     -1.4142135623730934e+00 
      83             3      9.9999999999999933e-01 
      83            21     -9.9999999999999933e-01 
      83            18      1.9999999999999987e+00 
      83            52      9.9999999999999933e-01 
      83            58      9.9999999999999922e-01 
      84            49     -1.4142135623730943e+00 
      85            42     -9.9999999999999922e-01 
      86            24      9.9999999999999956e-01 
      87             4     -1.2247448713915883e+00 
      87            20     -1.2247448713915878e+00 
      87            53      1.2247448713915876e+00 
      87            59     -1.2247448713915881e+00 
      87            22     -1.2247448713915881e+00 
      88             7     -9.9999999999999900e-01 
      88            32      1.9999999999999973e+00 
      88            38     -9.9999999999999878e-01 
      88            62     -9.9999999999999900e-01 
      88            40     -9.9999999999999889e-01 
      89             4      7.0710678118654713e-01 
      89            17     -1.4142135623730936e+00 
      89            20      7.0710678118654691e-01 
      89            53      7.0710678118654702e-01 
      89            59      7.0710678118654702e-01 
      89            22      7.0710678118654702e-01 
      90            50     -9.9999999999999922e-01 
      91             9      1.0000000000000000e+00 
      91             0      9.9999999999999967e-01 
      91             2      1.9999999999999996e+00 
      91            12     -9.9999999999999933e-01 
      91            37      9.9999999999999833e-01 
      91            45     -9.9999999999999933e-01 
      91            13      1.9999999999999987e+00 
      91            55      9.9999999999999889e-01 
      91            57      1.9999999999999987e+00 
      91            15      9.9999999999999967e-01 
      93            44     -9.9999999999999967e-01 
      94            41      1.9999999999999978e+00 
      94            35     -9.9999999999999878e-01 
      95            52     -1.4142135623730940e+00 
      96             6      9.9999999999999933e-01 
      96            39     -9.9999999999999944e-01 
      96            49      9.9999999999999911e-01 
      96            33      1.9999999999999989e+00 
      96            36      9.9999999999999922e-01 
      97             3     -1.4142135623730940e+00 
      97            21      1.4142135623730940e+00 
      97            18     -2.8284271247461881e+00 
      97            28     -1.4142135623730938e+00 
      98            45      9.9999999999999978e-01 
      99            42     -9.9999999999999911e-01 
     100             7      1.2247448713915881e+00 
     100            50     -1.2247448713915885e+00 
     100            43      1.2247448713915881e+00 
     100            38      1.2247448713915876e+00 
     100            40      1.2247448713915878e+00 
     101            53     -9.9999999999999956e-01 
     102             7      7.0710678118654724e-01 
     102            50      7.0710678118654702e-01 
     102            43      7.0710678118654713e-01 
     102            32     -1.4142135623730936e+00 
     102            38      7.0710678118654691e-01 
     102            40      7.0710678118654702e-01 
     103             4     -9.9999999999999956e-01 
     103            17      1.9999999999999978e+00 
     103            20     -9.9999999999999900e-01 
     103            29     -9.9999999999999933e-01 
     103            22     -9.9999999999999922e-01 
     104             8      9.9999999999999933e-01 
     104            34      9.9999999999999800e-01 
     104            42     -9.9999999999999911e-01 
     104            46      9.9999999999999867e-01 
     104            48      1.9999999999999982e+00 
     105             0      9.9999999999999967e-01 
     105             2      1.9999999999999996e+00 
     105            12     -9.9999999999999933e-01 
     105            13      1.9999999999999987e+00 
     105            15      9.9999999999999967e-01 
     105             5      1.0000000000000000e+00 
     105            19      9.9999999999999889e-01 
     105            24     -9.9999999999999967e-01 
     105            25      9.9999999999999922e-01 
     105            27      1.9999999999999993e+00 
     106            19      1.0000000000000002e+00 
     107            17     -1.4142135623730947e+00 
     109            12      1.0000000000000002e+00 
     112             3     -1.4142135623730945e+00 
     112            52      1.4142135623730945e+00 
     112            58     -2.8284271247461890e+00 
     112            16     -1.4142135623730943e+00 
     113            49      1.4142135623730936e+00 
     114            41     -1.7320508075688761e+00 
     115             1     -1.4142135623730949e+00 
     115            44      1.4142135623730949e+00 
     115            56     -2.8284271247461898e+00 
     115            11     -1.4142135623730945e+00 
     116            41     -9.9999999999999900e-01 
     116            47      1.9999999999999980e+00 
     118            39      1.4142135623730936e+00 
     120             9      2.0000000000000004e+00 
     120            64      1.0000000000000000e+00 
     120             0      2.0000000000000004e+00 
     120            37     -2.0000000000000004e+00 
     120            55      4.0000000000000009e+00 
     120            10      1.0000000000000000e+00 
     121            34      1.4142135623730945e+00 
     122            32     -9.9999999999999900e-01 
     123            17     -9.9999999999999967e-01 
     125            12      1.0000000000000002e+00 
     127             6     -9.9999999999999889e-01 
     127            49      1.9999999999999973e+00 
     127            36     -9.9999999999999878e-01 
     127            61     -9.9999999999999878e-01 
     127            31     -9.9999999999999878e-01 
     128             3     -9.9999999999999956e-01 
     128            52      1.9999999999999987e+00 
     128            58     -9.9999999999999933e-01 
     128            28     -9.9999999999999933e-01 
     128            16     -9.9999999999999933e-01 
     129            23      1.2247448713915876e+00 
     129            44     -1.2247448713915876e+00 
     130            35     -9.9999999999999933e-01 
     130            47      1.9999999999999987e+00 
     131             1     -1.4142135623730949e+00 
     131            11     -1.4142135623730945e+00 
     131            23      7.0710678118654713e-01 
     131            44      7.0710678118654713e-01 
     131            26     -1.4142135623730943e+00 
     131            56     -1.4142135623730943e+00 
     132            41     -9.9999999999999933e-01 
     132            47      1.9999999999999987e+00 
     133            21     -9.9999999999999933e-01 
     134            39     -9.9999999999999944e-01 
     135             8     -1.4142135623730945e+00 
     135            63     -1.4142135623730943e+00 
     135            34      1.4142135623730945e+00 
     135            46     -2.8284271247461890e+00 
     136             9      1.0000000000000000e+00 
     136             5      9.9999999999999967e-01 
     136            54      9.9999999999999956e-01 
     136            60      9.9999999999999956e-01 
     136             0      2.0000000000000004e+00 
     136            10      1.0000000000000000e+00 
     136            19     -9.9999999999999967e-01 
     136            37     -9.9999999999999978e-01 
     136            25      1.9999999999999993e+00 
     136            55      1.9999999999999996e+00 
     137            37      1.0000000000000002e+00 
     139            32     -1.4142135623730945e+00 
     142            12      1.0000000000000002e+00 
     143            52      1.4142135623730945e+00 
     144             6     -1.4142135623730943e+00 
     144            49      1.4142135623730943e+00 
     144            36     -2.8284271247461885e+00 
     144            31     -1.4142135623730940e+00 
     145            35      1.7320508075688750e+00 
     147            35     -9.9999999999999956e-01 
     147            47      1.9999999999999991e+00 
     148             1     -1.4142135623730949e+00 
     148            11     -1.4142135623730945e+00 
     148            23      1.4142135623730949e+00 
     148            26     -2.8284271247461898e+00 
     150            21      1.4142135623730940e+00 
     151            54      1.0000000000000002e+00 
     152             8     -1.4142135623730949e+00 
     152            51     -1.4142135623730945e+00 
     152            34      1.4142135623730947e+00 
     152            46     -2.8284271247461894e+00 
     153             5      2.0000000000000004e+00 
     153            30      1.0000000000000000e+00 
     153             0      2.0000000000000004e+00 
     153            10      1.0000000000000000e+00 
     153            19     -2.0000000000000004e+00 
     153            25      4.0000000000000009e+00 
     155            34     -9.9999999999999933e-01 
     156            19      9.9999999999999967e-01 
     157            32      1.4142135623730940e+00 
     158            17     -9.9999999999999967e-01 
     160            41      1.9999999999999978e+00 
     160            35     -9.9999999999999867e-01 
     161            23     -9.9999999999999933e-01 
     162             3      1.2247448713915881e+00 
     162            18      1.2247448713915876e+00 
     162            52     -1.2247448713915872e+00 
     162            58      1.2247448713915878e+00 
     162            16      1.2247448713915876e+00 
     163             6     -9.9999999999999878e-01 
     163            39      1.9999999999999969e+00 
     163            33     -9.9999999999999856e-01 
     163            61     -9.9999999999999867e-01 
     163            31     -9.9999999999999856e-01 
     164             3      7.0710678118654691e-01 
     164            21     -1.4142135623730936e+00 
     164            18      7.0710678118654680e-01 
     164            52      7.0710678118654691e-01 
     164            58      7.0710678118654680e-01 
     164            16      7.0710678118654680e-01 
     165            49     -9.9999999999999956e-01 
     166             1     -9.9999999999999967e-01 
     166            44      1.9999999999999980e+00 
     166            56     -9.9999999999999922e-01 
     166            14     -9.9999999999999956e-01 
     166            11     -9.9999999999999956e-01 
     167            41      1.9999999999999978e+00 
     167            47     -9.9999999999999889e-01 
     168             7     -1.4142135623730940e+00 
     168            32      1.4142135623730940e+00 
     168            38     -2.8284271247461881e+00 
     168            62     -1.4142135623730938e+00 
     169             4      9.9999999999999967e-01 
     169            17     -9.9999999999999967e-01 
     169            20      1.9999999999999993e+00 
     169            53      9.9999999999999956e-01 
     169            59      9.9999999999999956e-01 
     170            50     -1.4142135623730945e+00 
     171             9      1.0000000000000000e+00 
     171             0      2.0000000000000004e+00 
     171            10      1.0000000000000000e+00 
     171             2      9.9999999999999967e-01 
     171            12     -9.9999999999999967e-01 
     171            37     -9.9999999999999956e-01 
     171            45      9.9999999999999889e-01 
     171            13      1.9999999999999993e+00 
     171            55      1.9999999999999991e+00 
     171            57      9.9999999999999922e-01 
     173            37      1.0000000000000000e+00 
     174            34     -9.9999999999999922e-01 
     176            32     -9.9999999999999978e-01 
     177            17      1.4142135623730945e+00 
     178            44     -9.9999999999999967e-01 
     179            41     -9.9999999999999878e-01 
     179            35      1.9999999999999978e+00 
     180             6     -1.2247448713915878e+00 
     180            49      1.2247448713915881e+00 
     180            33     -1.2247448713915874e+00 
     180            36     -1.2247448713915876e+00 
     180            31     -1.2247448713915874e+00 
     181            52     -9.9999999999999900e-01 
     182             6      7.0710678118654702e-01 
     182            39     -1.4142135623730936e+00 
     182            49      7.0710678118654668e-01 
     182            33      7.0710678118654680e-01 
     182            36      7.0710678118654680e-01 
     182            31      7.0710678118654680e-01 
     183             3     -9.9999999999999900e-01 
     183            21      1.9999999999999973e+00 
     183            18     -9.9999999999999889e-01 
     183            28     -9.9999999999999900e-01 
     183            16     -9.9999999999999889e-01 
     184            35      1.9999999999999978e+00 
     184            47     -9.9999999999999889e-01 
     185             1     -9.9999999999999967e-01 
     185            14     -9.9999999999999956e-01 
     185            11     -9.9999999999999956e-01 
     185            23      1.9999999999999991e+00 
     185            26     -9.9999999999999956e-01 
     186            53     -1.4142135623730945e+00 
     187             7      9.9999999999999967e-01 
     187            50      9.9999999999999956e-01 
     187            43      9.9999999999999956e-01 
     187            32     -9.9999999999999978e-01 
     187            38      1.9999999999999996e+00 
     188             4     -1.4142135623730945e+00 
     188            17      1.4142135623730945e+00 
     188            20     -2.8284271247461890e+00 
     188            29     -1.4142135623730943e+00 
     189             8      9.9999999999999933e-01 
     189            34     -9.9999999999999922e-01 
     189            42      9.9999999999999878e-01 
     189            46      1.9999999999999984e+00 
     189            48      9.9999999999999889e-01 
     190             5      1.0000000000000000e+00 
     190             0      2.0000000000000004e+00 
     190            10      1.0000000000000000e+00 
     190             2      9.9999999999999967e-01 
     190            12     -9.9999999999999967e-01 
     190            13      1.9999999999999993e+00 
     190            19     -9.9999999999999978e-01 
     190            24      9.9999999999999956e-01 
     190            25      1.9999999999999996e+00 
     190            27      9.9999999999999956e-01 
     194            37      1.0000000000000002e+00 
     195            34     -1.4142135623730947e+00 
     196            19      1.0000000000000002e+00 
     199            41     -1.7320508075688750e+00 
     199            35      1.7320508075688750e+00 
     200            44      1.4142135623730949e+00 
     201            41     -9.9999999999999956e-01 
     201            35     -9.9999999999999956e-01 
     202            23      1.4142135623730949e+00 
     203             6     -1.4142135623730943e+00 
     203            39      1.4142135623730943e+00 
     203            33     -2.8284271247461885e+00 
     203            31     -1.4142135623730940e+00 
     204             3     -1.4142135623730945e+00 
     204            21      1.4142135623730945e+00 
     204            18     -2.8284271247461890e+00 
     204            16     -1.4142135623730943e+00 
     205            45      1.0000000000000002e+00 
     206            42     -1.4142135623730947e+00 
     207            24      1.0000000000000002e+00 
     208             7     -1.4142135623730945e+00 
     208            32      1.4142135623730945e+00 
     208            38     -2.8284271247461890e+00 
     208            40     -1.4142135623730943e+00 
     209             4     -1.4142135623730949e+00 
     209            17      1.4142135623730947e+00 
     209            20     -2.8284271247461894e+00 
     209            22     -1.4142135623730945e+00 
     210             0      2.0000000000000004e+00 
     210            10      1.0000000000000000e+00 
     210             2      2.0000000000000004e+00 
     210            12     -2.0000000000000004e+00 
     210            13      4.0000000000000009e+00 
     210            15      1.0000000000000000e+00 
