 CSF List 
["e", "f", "e", "f", "e", "f"]
["e", "f", "e", "f", "u", "d"]
["e", "f", "e", "f", "f", "e"]
["e", "f", "u", "u", "d", "d"]
["e", "f", "u", "d", "e", "f"]
["e", "f", "u", "d", "u", "d"]
["e", "f", "u", "d", "f", "e"]
["e", "f", "u", "f", "e", "d"]
["e", "f", "u", "f", "d", "e"]
["e", "f", "f", "e", "e", "f"]
["e", "f", "f", "e", "u", "d"]
["e", "f", "f", "e", "f", "e"]
["e", "f", "f", "u", "e", "d"]
["e", "f", "f", "u", "d", "e"]
["e", "f", "f", "f", "e", "e"]
["u", "u", "e", "f", "d", "d"]
["u", "u", "u", "d", "d", "d"]
["u", "u", "d", "u", "d", "d"]
["u", "u", "d", "d", "e", "f"]
["u", "u", "d", "d", "u", "d"]
["u", "u", "d", "d", "f", "e"]
["u", "u", "d", "f", "e", "d"]
["u", "u", "d", "f", "d", "e"]
["u", "u", "f", "e", "d", "d"]
["u", "u", "f", "d", "e", "d"]
["u", "u", "f", "d", "d", "e"]
["u", "d", "e", "f", "e", "f"]
["u", "d", "e", "f", "u", "d"]
["u", "d", "e", "f", "f", "e"]
["u", "d", "u", "u", "d", "d"]
["u", "d", "u", "d", "e", "f"]
["u", "d", "u", "d", "u", "d"]
["u", "d", "u", "d", "f", "e"]
["u", "d", "u", "f", "e", "d"]
["u", "d", "u", "f", "d", "e"]
["u", "d", "f", "e", "e", "f"]
["u", "d", "f", "e", "u", "d"]
["u", "d", "f", "e", "f", "e"]
["u", "d", "f", "u", "e", "d"]
["u", "d", "f", "u", "d", "e"]
["u", "d", "f", "f", "e", "e"]
["u", "f", "e", "u", "d", "d"]
["u", "f", "e", "d", "e", "f"]
["u", "f", "e", "d", "u", "d"]
["u", "f", "e", "d", "f", "e"]
["u", "f", "e", "f", "e", "d"]
["u", "f", "e", "f", "d", "e"]
["u", "f", "u", "e", "d", "d"]
["u", "f", "u", "d", "e", "d"]
["u", "f", "u", "d", "d", "e"]
["u", "f", "d", "e", "e", "f"]
["u", "f", "d", "e", "u", "d"]
["u", "f", "d", "e", "f", "e"]
["u", "f", "d", "u", "e", "d"]
["u", "f", "d", "u", "d", "e"]
["u", "f", "d", "f", "e", "e"]
["u", "f", "f", "e", "e", "d"]
["u", "f", "f", "e", "d", "e"]
["u", "f", "f", "d", "e", "e"]
["f", "e", "e", "f", "e", "f"]
["f", "e", "e", "f", "u", "d"]
["f", "e", "e", "f", "f", "e"]
["f", "e", "u", "u", "d", "d"]
["f", "e", "u", "d", "e", "f"]
["f", "e", "u", "d", "u", "d"]
["f", "e", "u", "d", "f", "e"]
["f", "e", "u", "f", "e", "d"]
["f", "e", "u", "f", "d", "e"]
["f", "e", "f", "e", "e", "f"]
["f", "e", "f", "e", "u", "d"]
["f", "e", "f", "e", "f", "e"]
["f", "e", "f", "u", "e", "d"]
["f", "e", "f", "u", "d", "e"]
["f", "e", "f", "f", "e", "e"]
["f", "u", "e", "u", "d", "d"]
["f", "u", "e", "d", "e", "f"]
["f", "u", "e", "d", "u", "d"]
["f", "u", "e", "d", "f", "e"]
["f", "u", "e", "f", "e", "d"]
["f", "u", "e", "f", "d", "e"]
["f", "u", "u", "e", "d", "d"]
["f", "u", "u", "d", "e", "d"]
["f", "u", "u", "d", "d", "e"]
["f", "u", "d", "e", "e", "f"]
["f", "u", "d", "e", "u", "d"]
["f", "u", "d", "e", "f", "e"]
["f", "u", "d", "u", "e", "d"]
["f", "u", "d", "u", "d", "e"]
["f", "u", "d", "f", "e", "e"]
["f", "u", "f", "e", "e", "d"]
["f", "u", "f", "e", "d", "e"]
["f", "u", "f", "d", "e", "e"]
["f", "f", "e", "e", "e", "f"]
["f", "f", "e", "e", "u", "d"]
["f", "f", "e", "e", "f", "e"]
["f", "f", "e", "u", "e", "d"]
["f", "f", "e", "u", "d", "e"]
["f", "f", "e", "f", "e", "e"]
["f", "f", "u", "e", "e", "d"]
["f", "f", "u", "e", "d", "e"]
["f", "f", "u", "d", "e", "e"]
["f", "f", "f", "e", "e", "e"]
 Energy Expression 
      IJ       pqrs     Coef 
       1             2      2.0000000000000004e+00 
       1             9      2.0000000000000004e+00 
       1            20      2.0000000000000004e+00 
       2            19     -1.4142135623730945e+00 
       3             2      2.0000000000000004e+00 
       3             9      2.0000000000000004e+00 
       3            14      9.9999999999999967e-01 
       3            20      1.0000000000000000e+00 
       5            19     -1.4142135623730949e+00 
       6             2      2.0000000000000004e+00 
       6             9      2.0000000000000004e+00 
       6            14      2.0000000000000004e+00 
      10             2      2.0000000000000004e+00 
      10            20      1.0000000000000000e+00 
      10             5      9.9999999999999967e-01 
      10             9      1.0000000000000000e+00 
      10            14      9.9999999999999956e-01 
      11             8     -1.4142135623730945e+00 
      15             2      2.0000000000000004e+00 
      15            20      2.0000000000000004e+00 
      15             5      9.9999999999999967e-01 
      15             9      1.0000000000000000e+00 
      17             8     -1.4142135623730945e+00 
      20            19     -1.4142135623730945e+00 
      21             2      2.0000000000000004e+00 
      21            14      9.9999999999999967e-01 
      21            20      1.0000000000000000e+00 
      21             5      9.9999999999999967e-01 
      21             9      1.0000000000000000e+00 
      24             8     -1.4142135623730945e+00 
      27            19     -1.4142135623730949e+00 
      28             2      2.0000000000000004e+00 
      28            14      2.0000000000000004e+00 
      28             5      9.9999999999999967e-01 
      28             9      1.0000000000000000e+00 
      29            17     -1.4142135623730936e+00 
      30            12      9.9999999999999933e-01 
      32            13     -1.2247448713915883e+00 
      33            18     -9.9999999999999900e-01 
      34            13      7.0710678118654713e-01 
      36             2      2.0000000000000004e+00 
      36            20      1.0000000000000000e+00 
      36             5      9.9999999999999967e-01 
      36             9      1.9999999999999996e+00 
      38            17      9.9999999999999933e-01 
      39            12     -1.4142135623730940e+00 
      40            18      1.2247448713915881e+00 
      42            18      7.0710678118654724e-01 
      43            13     -9.9999999999999956e-01 
      44            19      9.9999999999999933e-01 
      45             2      2.0000000000000004e+00 
      45             5      9.9999999999999967e-01 
      45             9      1.9999999999999996e+00 
      45            14      1.0000000000000000e+00 
      50             8     -1.4142135623730949e+00 
      55             2      2.0000000000000004e+00 
      55            20      2.0000000000000004e+00 
      55             5      2.0000000000000004e+00 
      61             8     -1.4142135623730949e+00 
      65            19     -1.4142135623730945e+00 
      66             2      2.0000000000000004e+00 
      66            14      9.9999999999999967e-01 
      66            20      1.0000000000000000e+00 
      66             5      2.0000000000000004e+00 
      73             8     -1.4142135623730949e+00 
      77            19     -1.4142135623730949e+00 
      78             2      2.0000000000000004e+00 
      78            14      2.0000000000000004e+00 
      78             5      2.0000000000000004e+00 
      82            12      1.2247448713915881e+00 
      83            17     -9.9999999999999878e-01 
      84            12      7.0710678118654691e-01 
      86             8     -9.9999999999999967e-01 
      88            18     -1.4142135623730940e+00 
      89            13      9.9999999999999967e-01 
      91             2      2.0000000000000004e+00 
      91            20      1.0000000000000000e+00 
      91             5      2.0000000000000004e+00 
      91             9      9.9999999999999967e-01 
      95            17     -1.2247448713915878e+00 
      97            17      7.0710678118654702e-01 
      98            12     -9.9999999999999900e-01 
     100             8     -9.9999999999999967e-01 
     102            18      9.9999999999999967e-01 
     103            13     -1.4142135623730945e+00 
     104            19      9.9999999999999933e-01 
     105             2      2.0000000000000004e+00 
     105            14      1.0000000000000000e+00 
     105             5      2.0000000000000004e+00 
     105             9      9.9999999999999967e-01 
     113            17     -1.4142135623730943e+00 
     114            12     -1.4142135623730945e+00 
     118            18     -1.4142135623730945e+00 
     119            13     -1.4142135623730949e+00 
     120             2      2.0000000000000004e+00 
     120             5      2.0000000000000004e+00 
     120             9      2.0000000000000004e+00 
     136            20      1.0000000000000000e+00 
     136            14      9.9999999999999956e-01 
     136             0      9.9999999999999967e-01 
     136             2      1.0000000000000000e+00 
     136             9      2.0000000000000013e+00 
     152             8     -1.1547005383792517e+00 
     153            20      1.0000000000000000e+00 
     153            14      9.9999999999999956e-01 
     153             0      9.9999999999999967e-01 
     153             2      1.0000000000000000e+00 
     153             5      1.0000000000000000e+00 
     153             9      1.0000000000000002e+00 
     169             8      8.1649658092772592e-01 
     171            20      1.0000000000000000e+00 
     171             9      1.0000000000000000e+00 
     171            14      9.9999999999999956e-01 
     171             0      9.9999999999999967e-01 
     171             2      1.0000000000000000e+00 
     171             5      9.9999999999999956e-01 
     190            20      2.0000000000000004e+00 
     190             9      1.0000000000000000e+00 
     190             0      9.9999999999999967e-01 
     190             2      1.0000000000000000e+00 
     190             5      9.9999999999999956e-01 
     209            19     -1.4142135623730945e+00 
     210            14      9.9999999999999967e-01 
     210            20      1.0000000000000000e+00 
     210             9      1.0000000000000000e+00 
     210             0      9.9999999999999967e-01 
     210             2      1.0000000000000000e+00 
     210             5      9.9999999999999956e-01 
     230            19     -1.4142135623730949e+00 
     231            14      2.0000000000000004e+00 
     231             9      1.0000000000000000e+00 
     231             0      9.9999999999999967e-01 
     231             2      1.0000000000000000e+00 
     231             5      9.9999999999999956e-01 
     247            12      9.9999999999999900e-01 
     249            13     -1.2247448713915883e+00 
     250            18     -9.9999999999999900e-01 
     251            13      7.0710678118654713e-01 
     253            20      1.0000000000000000e+00 
     253             9      1.9999999999999996e+00 
     253             0      9.9999999999999967e-01 
     253             2      1.0000000000000000e+00 
     253             5      9.9999999999999956e-01 
     269            17     -9.9999999999999889e-01 
     271            18      1.2247448713915881e+00 
     273            18      7.0710678118654724e-01 
     274            13     -9.9999999999999956e-01 
     275            19      9.9999999999999933e-01 
     276             9      1.9999999999999996e+00 
     276            14      1.0000000000000000e+00 
     276             0      9.9999999999999967e-01 
     276             2      1.0000000000000000e+00 
     276             5      9.9999999999999956e-01 
     293             8     -1.1547005383792521e+00 
     294             8      8.1649658092772570e-01 
     300            20      1.0000000000000000e+00 
     300            14      9.9999999999999956e-01 
     300             0      9.9999999999999967e-01 
     300             2      1.0000000000000000e+00 
     300             5      2.0000000000000013e+00 
     317            12      1.1547005383792515e+00 
     318            12      4.0824829046386280e-01 
     319            17      9.9999999999999845e-01 
     320            12     -7.0710678118654668e-01 
     322             8     -9.9999999999999889e-01 
     324            13      9.9999999999999967e-01 
     325            20      1.0000000000000000e+00 
     325             0      9.9999999999999967e-01 
     325             2      1.0000000000000000e+00 
     325             5      2.0000000000000013e+00 
     325             9      9.9999999999999956e-01 
     342            17     -1.1547005383792512e+00 
     343            17     -4.0824829046386268e-01 
     345            17     -7.0710678118654668e-01 
     346            12      9.9999999999999878e-01 
     348             8     -9.9999999999999889e-01 
     349            18     -9.9999999999999956e-01 
     350            19      9.9999999999999933e-01 
     351            14      1.0000000000000000e+00 
     351             0      9.9999999999999967e-01 
     351             2      1.0000000000000000e+00 
     351             5      2.0000000000000013e+00 
     351             9      9.9999999999999956e-01 
     352             1     -1.4142135623730945e+00 
     378             9      2.0000000000000004e+00 
     378            20      2.0000000000000004e+00 
     378             0      9.9999999999999967e-01 
     378             2      1.0000000000000000e+00 
     380             1     -1.4142135623730945e+00 
     405            19     -1.4142135623730945e+00 
     406             9      2.0000000000000004e+00 
     406            14      9.9999999999999967e-01 
     406            20      1.0000000000000000e+00 
     406             0      9.9999999999999967e-01 
     406             2      1.0000000000000000e+00 
     409             1     -1.4142135623730945e+00 
     434            19     -1.4142135623730949e+00 
     435             9      2.0000000000000004e+00 
     435            14      2.0000000000000004e+00 
     435             0      9.9999999999999967e-01 
     435             2      1.0000000000000000e+00 
     439             1     -1.4142135623730945e+00 
     465            20      1.0000000000000000e+00 
     465             5      9.9999999999999967e-01 
     465             9      1.0000000000000000e+00 
     465            14      9.9999999999999956e-01 
     465             0      9.9999999999999967e-01 
     465             2      1.0000000000000000e+00 
     470             1     -1.4142135623730945e+00 
     492             8     -1.4142135623730945e+00 
     496            20      2.0000000000000004e+00 
     496             5      9.9999999999999967e-01 
     496             9      1.0000000000000000e+00 
     496             0      9.9999999999999967e-01 
     496             2      1.0000000000000000e+00 
     502             1     -1.4142135623730945e+00 
     524             8     -1.4142135623730945e+00 
     527            19     -1.4142135623730945e+00 
     528            14      9.9999999999999967e-01 
     528            20      1.0000000000000000e+00 
     528             5      9.9999999999999967e-01 
     528             9      1.0000000000000000e+00 
     528             0      9.9999999999999967e-01 
     528             2      1.0000000000000000e+00 
     535             1     -1.4142135623730945e+00 
     557             8     -1.4142135623730945e+00 
     560            19     -1.4142135623730949e+00 
     561            14      2.0000000000000004e+00 
     561             5      9.9999999999999967e-01 
     561             9      1.0000000000000000e+00 
     561             0      9.9999999999999967e-01 
     561             2      1.0000000000000000e+00 
     569             1     -1.4142135623730945e+00 
     588            17     -1.4142135623730936e+00 
     589            12      9.9999999999999933e-01 
     591            13     -1.2247448713915883e+00 
     592            18     -9.9999999999999900e-01 
     593            13      7.0710678118654713e-01 
     595            20      1.0000000000000000e+00 
     595             5      9.9999999999999967e-01 
     595             9      1.9999999999999996e+00 
     595             0      9.9999999999999967e-01 
     595             2      1.0000000000000000e+00 
     604             1     -1.4142135623730945e+00 
     623            17      9.9999999999999933e-01 
     624            12     -1.4142135623730940e+00 
     625            18      1.2247448713915881e+00 
     627            18      7.0710678118654724e-01 
     628            13     -9.9999999999999956e-01 
     629            19      9.9999999999999933e-01 
     630             5      9.9999999999999967e-01 
     630             9      1.9999999999999996e+00 
     630            14      1.0000000000000000e+00 
     630             0      9.9999999999999967e-01 
     630             2      1.0000000000000000e+00 
     640             1     -1.4142135623730945e+00 
     661             8     -1.4142135623730949e+00 
     666            20      2.0000000000000004e+00 
     666             5      2.0000000000000004e+00 
     666             0      9.9999999999999967e-01 
     666             2      1.0000000000000000e+00 
     677             1     -1.4142135623730945e+00 
     698             8     -1.4142135623730949e+00 
     702            19     -1.4142135623730945e+00 
     703            14      9.9999999999999967e-01 
     703            20      1.0000000000000000e+00 
     703             5      2.0000000000000004e+00 
     703             0      9.9999999999999967e-01 
     703             2      1.0000000000000000e+00 
     715             1     -1.4142135623730945e+00 
     736             8     -1.4142135623730949e+00 
     740            19     -1.4142135623730949e+00 
     741            14      2.0000000000000004e+00 
     741             5      2.0000000000000004e+00 
     741             0      9.9999999999999967e-01 
     741             2      1.0000000000000000e+00 
     754             1     -1.4142135623730945e+00 
     771            12      1.2247448713915881e+00 
     772            17     -9.9999999999999878e-01 
     773            12      7.0710678118654691e-01 
     775             8     -9.9999999999999967e-01 
     777            18     -1.4142135623730940e+00 
     778            13      9.9999999999999967e-01 
     780            20      1.0000000000000000e+00 
     780             5      2.0000000000000004e+00 
     780             9      9.9999999999999967e-01 
     780             0      9.9999999999999967e-01 
     780             2      1.0000000000000000e+00 
     794             1     -1.4142135623730945e+00 
     810            17     -1.2247448713915878e+00 
     812            17      7.0710678118654702e-01 
     813            12     -9.9999999999999900e-01 
     815             8     -9.9999999999999967e-01 
     817            18      9.9999999999999967e-01 
     818            13     -1.4142135623730945e+00 
     819            19      9.9999999999999933e-01 
     820            14      1.0000000000000000e+00 
     820             5      2.0000000000000004e+00 
     820             9      9.9999999999999967e-01 
     820             0      9.9999999999999967e-01 
     820             2      1.0000000000000000e+00 
     835             1     -1.4142135623730945e+00 
     854            17     -1.4142135623730943e+00 
     855            12     -1.4142135623730945e+00 
     859            18     -1.4142135623730945e+00 
     860            13     -1.4142135623730949e+00 
     861             5      2.0000000000000004e+00 
     861             9      2.0000000000000004e+00 
     861             0      9.9999999999999967e-01 
     861             2      1.0000000000000000e+00 
     865             3      9.9999999999999933e-01 
     877             7     -9.9999999999999900e-01 
     879             4     -1.2247448713915883e+00 
     891             4      7.0710678118654713e-01 
     903            20      1.0000000000000000e+00 
     903             9      1.0000000000000000e+00 
     903            14      9.9999999999999956e-01 
     903             0      9.9999999999999967e-01 
     903             2      1.9999999999999996e+00 
     904             6     -1.4142135623730936e+00 
     908             3      9.9999999999999933e-01 
     922             4     -1.2247448713915883e+00 
     930             7     -9.9999999999999900e-01 
     934             4      7.0710678118654713e-01 
     946            20      2.0000000000000004e+00 
     946             9      1.0000000000000000e+00 
     946             0      9.9999999999999967e-01 
     946             2      1.9999999999999996e+00 
     948             6     -1.4142135623730936e+00 
     952             3      9.9999999999999933e-01 
     966             4     -1.2247448713915883e+00 
     974             7     -9.9999999999999900e-01 
     978             4      7.0710678118654713e-01 
     989            19     -1.4142135623730945e+00 
     990            14      9.9999999999999967e-01 
     990            20      1.0000000000000000e+00 
     990             9      1.0000000000000000e+00 
     990             0      9.9999999999999967e-01 
     990             2      1.9999999999999996e+00 
     993             6     -1.4142135623730936e+00 
     997             3      9.9999999999999933e-01 
    1011             4     -1.2247448713915883e+00 
    1019             7     -9.9999999999999900e-01 
    1023             4      7.0710678118654713e-01 
    1034            19     -1.4142135623730949e+00 
    1035            14      2.0000000000000004e+00 
    1035             9      1.0000000000000000e+00 
    1035             0      9.9999999999999967e-01 
    1035             2      1.9999999999999996e+00 
    1036            15     -1.4142135623730927e+00 
    1037            10      9.9999999999999878e-01 
    1043             3      9.9999999999999933e-01 
    1051            11     -1.2247448713915869e+00 
    1057             4     -1.2247448713915883e+00 
    1062            16     -9.9999999999999845e-01 
    1063            11      7.0710678118654668e-01 
    1069             4      7.0710678118654713e-01 
    1077            13     -1.2247448713915883e+00 
    1078            18     -9.9999999999999900e-01 
    1079            13      7.0710678118654713e-01 
    1081            20      1.0000000000000000e+00 
    1081             9      1.9999999999999996e+00 
    1081             0      9.9999999999999967e-01 
    1081             2      1.9999999999999996e+00 
    1083            15      9.9999999999999878e-01 
    1084            10     -1.4142135623730931e+00 
    1090             3      9.9999999999999933e-01 
    1097            16      1.2247448713915869e+00 
    1104             4     -1.2247448713915883e+00 
    1109            16      7.0710678118654680e-01 
    1110            11     -9.9999999999999878e-01 
    1116             4      7.0710678118654713e-01 
    1123            18      1.2247448713915881e+00 
    1125            18      7.0710678118654724e-01 
    1126            13     -9.9999999999999956e-01 
    1127            19      9.9999999999999933e-01 
    1128             9      1.9999999999999996e+00 
    1128            14      1.0000000000000000e+00 
    1128             0      9.9999999999999967e-01 
    1128             2      1.9999999999999996e+00 
    1132             6     -9.9999999999999933e-01 
    1145             7      1.1547005383792524e+00 
    1146             7      4.0824829046386307e-01 
    1152             4     -9.9999999999999967e-01 
    1158             7     -7.0710678118654713e-01 
    1170             8      9.9999999999999956e-01 
    1176            20      1.0000000000000000e+00 
    1176            14      9.9999999999999956e-01 
    1176             0      9.9999999999999967e-01 
    1176             2      1.9999999999999996e+00 
    1176             5      1.0000000000000000e+00 
    1180            10     -4.9999999999999950e-01 
    1181            15     -1.2247448713915867e+00 
    1182            10      8.6602540378443738e-01 
    1184             6      1.2247448713915874e+00 
    1193            11     -1.1547005383792517e+00 
    1194            11      2.0412414523193148e-01 
    1195            16      4.9999999999999944e-01 
    1196            11     -3.5355339059327351e-01 
    1198             7     -4.9999999999999978e-01 
    1201             4     -9.9999999999999967e-01 
    1206            11     -3.5355339059327345e-01 
    1207            16     -8.6602540378443704e-01 
    1208            11      6.1237243569579369e-01 
    1210             7      8.6602540378443771e-01 
    1218            12      4.9999999999999961e-01 
    1219            17      1.2247448713915869e+00 
    1220            12     -8.6602540378443749e-01 
    1222             8     -1.2247448713915876e+00 
    1224            13      9.9999999999999967e-01 
    1225            20      1.0000000000000000e+00 
    1225             0      9.9999999999999967e-01 
    1225             9      9.9999999999999956e-01 
    1225             2      1.9999999999999996e+00 
    1225             5      1.0000000000000000e+00 
    1229            15      4.9999999999999944e-01 
    1231            15      8.6602540378443738e-01 
    1232            10     -1.2247448713915872e+00 
    1234             6      1.2247448713915874e+00 
    1242            16      1.1547005383792517e+00 
    1243            16     -2.0412414523193143e-01 
    1245            16     -3.5355339059327356e-01 
    1246            11      4.9999999999999961e-01 
    1248             7     -4.9999999999999978e-01 
    1251             4     -9.9999999999999967e-01 
    1255            16      3.5355339059327345e-01 
    1257            16      6.1237243569579369e-01 
    1258            11     -8.6602540378443738e-01 
    1260             7      8.6602540378443771e-01 
    1267            17     -4.9999999999999950e-01 
    1269            17     -8.6602540378443749e-01 
    1270            12      1.2247448713915874e+00 
    1272             8     -1.2247448713915876e+00 
    1273            18     -9.9999999999999956e-01 
    1274            19      9.9999999999999933e-01 
    1275            14      1.0000000000000000e+00 
    1275             0      9.9999999999999967e-01 
    1275             9      9.9999999999999956e-01 
    1275             2      1.9999999999999996e+00 
    1275             5      1.0000000000000000e+00 
    1280             6      9.9999999999999933e-01 
    1285             3     -1.4142135623730940e+00 
    1294             7      1.2247448713915881e+00 
    1306             7      7.0710678118654724e-01 
    1311             4     -9.9999999999999956e-01 
    1318             8      9.9999999999999933e-01 
    1326            20      2.0000000000000004e+00 
    1326             0      9.9999999999999967e-01 
    1326             2      1.9999999999999996e+00 
    1326             5      1.0000000000000000e+00 
    1332             6      9.9999999999999933e-01 
    1337             3     -1.4142135623730940e+00 
    1346             7      1.2247448713915881e+00 
    1358             7      7.0710678118654724e-01 
    1363             4     -9.9999999999999956e-01 
    1370             8      9.9999999999999933e-01 
    1377            19     -1.4142135623730945e+00 
    1378            14      9.9999999999999967e-01 
    1378            20      1.0000000000000000e+00 
    1378             0      9.9999999999999967e-01 
    1378             2      1.9999999999999996e+00 
    1378             5      1.0000000000000000e+00 
    1385             6      9.9999999999999933e-01 
    1390             3     -1.4142135623730940e+00 
    1399             7      1.2247448713915881e+00 
    1411             7      7.0710678118654724e-01 
    1416             4     -9.9999999999999956e-01 
    1423             8      9.9999999999999933e-01 
    1430            19     -1.4142135623730949e+00 
    1431            14      2.0000000000000004e+00 
    1431             0      9.9999999999999967e-01 
    1431             2      1.9999999999999996e+00 
    1431             5      1.0000000000000000e+00 
    1435            10     -8.6602540378443738e-01 
    1436            15      7.0710678118654635e-01 
    1437            10     -4.9999999999999939e-01 
    1439             6      7.0710678118654702e-01 
    1444             3     -1.4142135623730940e+00 
    1449            11     -1.0606601717798199e+00 
    1450            16      8.6602540378443704e-01 
    1451            11     -6.1237243569579369e-01 
    1453             7      8.6602540378443782e-01 
    1461            11     -6.1237243569579380e-01 
    1462            16      4.9999999999999928e-01 
    1463            11     -3.5355339059327340e-01 
    1465             7      4.9999999999999978e-01 
    1470             4     -9.9999999999999956e-01 
    1473            12     -8.6602540378443738e-01 
    1474            17      7.0710678118654635e-01 
    1475            12     -4.9999999999999939e-01 
    1477             8      7.0710678118654702e-01 
    1482            18     -1.4142135623730940e+00 
    1483            13      9.9999999999999967e-01 
    1485            20      1.0000000000000000e+00 
    1485             9      9.9999999999999967e-01 
    1485             0      9.9999999999999967e-01 
    1485             2      1.9999999999999996e+00 
    1485             5      1.0000000000000000e+00 
    1489            15      8.6602540378443726e-01 
    1491            15     -4.9999999999999939e-01 
    1492            10      7.0710678118654657e-01 
    1494             6      7.0710678118654702e-01 
    1499             3     -1.4142135623730940e+00 
    1503            16      1.0606601717798196e+00 
    1505            16     -6.1237243569579369e-01 
    1506            11      8.6602540378443738e-01 
    1508             7      8.6602540378443782e-01 
    1515            16      6.1237243569579369e-01 
    1517            16     -3.5355339059327345e-01 
    1518            11      4.9999999999999944e-01 
    1520             7      4.9999999999999978e-01 
    1525             4     -9.9999999999999956e-01 
    1527            17      8.6602540378443726e-01 
    1529            17     -4.9999999999999939e-01 
    1530            12      7.0710678118654657e-01 
    1532             8      7.0710678118654702e-01 
    1537            18      9.9999999999999967e-01 
    1538            13     -1.4142135623730945e+00 
    1539            19      9.9999999999999933e-01 
    1540            14      1.0000000000000000e+00 
    1540             9      9.9999999999999967e-01 
    1540             0      9.9999999999999967e-01 
    1540             2      1.9999999999999996e+00 
    1540             5      1.0000000000000000e+00 
    1548            15      9.9999999999999900e-01 
    1549            10      9.9999999999999922e-01 
    1555             3     -1.4142135623730940e+00 
    1562            16      1.2247448713915874e+00 
    1563            11      1.2247448713915878e+00 
    1574            16      7.0710678118654691e-01 
    1575            11      7.0710678118654713e-01 
    1581             4     -9.9999999999999956e-01 
    1586            17      9.9999999999999900e-01 
    1587            12      9.9999999999999922e-01 
    1594            18     -1.4142135623730945e+00 
    1595            13     -1.4142135623730949e+00 
    1596             9      2.0000000000000004e+00 
    1596             0      9.9999999999999967e-01 
    1596             2      1.9999999999999996e+00 
    1596             5      1.0000000000000000e+00 
    1606            15     -1.4142135623730927e+00 
    1607            10      9.9999999999999878e-01 
    1609             6      9.9999999999999900e-01 
    1620            11     -1.2247448713915869e+00 
    1621             7     -1.2247448713915876e+00 
    1632            16     -9.9999999999999845e-01 
    1633            11      7.0710678118654668e-01 
    1635             7      7.0710678118654691e-01 
    1644            12     -1.2247448713915876e+00 
    1645             8     -1.2247448713915883e+00 
    1647            17     -9.9999999999999878e-01 
    1648            12      7.0710678118654691e-01 
    1650             8      7.0710678118654713e-01 
    1653            20      1.0000000000000000e+00 
    1653             0      9.9999999999999967e-01 
    1653             2      1.9999999999999996e+00 
    1653             5      1.9999999999999996e+00 
    1664            15      9.9999999999999878e-01 
    1665            10     -1.4142135623730931e+00 
    1667             6      9.9999999999999900e-01 
    1677            16      1.2247448713915869e+00 
    1679             7     -1.2247448713915876e+00 
    1690            16      7.0710678118654680e-01 
    1691            11     -9.9999999999999878e-01 
    1693             7      7.0710678118654691e-01 
    1701            17      1.2247448713915874e+00 
    1703             8     -1.2247448713915883e+00 
    1705            17      7.0710678118654702e-01 
    1706            12     -9.9999999999999900e-01 
    1708             8      7.0710678118654713e-01 
    1710            19      9.9999999999999933e-01 
    1711            14      1.0000000000000000e+00 
    1711             0      9.9999999999999967e-01 
    1711             2      1.9999999999999996e+00 
    1711             5      1.9999999999999996e+00 
    1724            15      9.9999999999999889e-01 
    1725            10      9.9999999999999900e-01 
    1726             6     -1.4142135623730936e+00 
    1736            16      1.2247448713915872e+00 
    1737            11      1.2247448713915874e+00 
    1750            16      7.0710678118654691e-01 
    1751            11      7.0710678118654702e-01 
    1752             7     -9.9999999999999900e-01 
    1760            17      1.2247448713915878e+00 
    1761            12      1.2247448713915881e+00 
    1765            17      7.0710678118654713e-01 
    1766            12      7.0710678118654724e-01 
    1767             8     -9.9999999999999956e-01 
    1768            18      9.9999999999999922e-01 
    1769            13      9.9999999999999933e-01 
    1770             0      9.9999999999999967e-01 
    1770             2      1.9999999999999996e+00 
    1770             5      1.9999999999999996e+00 
    1770             9      1.0000000000000000e+00 
    1797             1     -1.4142135623730949e+00 
    1830             9      2.0000000000000004e+00 
    1830            20      2.0000000000000004e+00 
    1830             0      2.0000000000000004e+00 
    1858             1     -1.4142135623730949e+00 
    1890            19     -1.4142135623730945e+00 
    1891             9      2.0000000000000004e+00 
    1891            14      9.9999999999999967e-01 
    1891            20      1.0000000000000000e+00 
    1891             0      2.0000000000000004e+00 
    1920             1     -1.4142135623730949e+00 
    1952            19     -1.4142135623730949e+00 
    1953             9      2.0000000000000004e+00 
    1953            14      2.0000000000000004e+00 
    1953             0      2.0000000000000004e+00 
    1983             1     -1.4142135623730949e+00 
    2016            20      1.0000000000000000e+00 
    2016             5      9.9999999999999967e-01 
    2016             9      1.0000000000000000e+00 
    2016            14      9.9999999999999956e-01 
    2016             0      2.0000000000000004e+00 
    2047             1     -1.4142135623730949e+00 
    2076             8     -1.4142135623730945e+00 
    2080            20      2.0000000000000004e+00 
    2080             5      9.9999999999999967e-01 
    2080             9      1.0000000000000000e+00 
    2080             0      2.0000000000000004e+00 
    2112             1     -1.4142135623730949e+00 
    2141             8     -1.4142135623730945e+00 
    2144            19     -1.4142135623730945e+00 
    2145            14      9.9999999999999967e-01 
    2145            20      1.0000000000000000e+00 
    2145             5      9.9999999999999967e-01 
    2145             9      1.0000000000000000e+00 
    2145             0      2.0000000000000004e+00 
    2178             1     -1.4142135623730949e+00 
    2207             8     -1.4142135623730945e+00 
    2210            19     -1.4142135623730949e+00 
    2211            14      2.0000000000000004e+00 
    2211             5      9.9999999999999967e-01 
    2211             9      1.0000000000000000e+00 
    2211             0      2.0000000000000004e+00 
    2245             1     -1.4142135623730949e+00 
    2271            17     -1.4142135623730936e+00 
    2272            12      9.9999999999999933e-01 
    2274            13     -1.2247448713915883e+00 
    2275            18     -9.9999999999999900e-01 
    2276            13      7.0710678118654713e-01 
    2278            20      1.0000000000000000e+00 
    2278             5      9.9999999999999967e-01 
    2278             9      1.9999999999999996e+00 
    2278             0      2.0000000000000004e+00 
    2313             1     -1.4142135623730949e+00 
    2339            17      9.9999999999999933e-01 
    2340            12     -1.4142135623730940e+00 
    2341            18      1.2247448713915881e+00 
    2343            18      7.0710678118654724e-01 
    2344            13     -9.9999999999999956e-01 
    2345            19      9.9999999999999933e-01 
    2346             5      9.9999999999999967e-01 
    2346             9      1.9999999999999996e+00 
    2346            14      1.0000000000000000e+00 
    2346             0      2.0000000000000004e+00 
    2382             1     -1.4142135623730949e+00 
    2410             8     -1.4142135623730949e+00 
    2415            20      2.0000000000000004e+00 
    2415             5      2.0000000000000004e+00 
    2415             0      2.0000000000000004e+00 
    2452             1     -1.4142135623730949e+00 
    2480             8     -1.4142135623730949e+00 
    2484            19     -1.4142135623730945e+00 
    2485            14      9.9999999999999967e-01 
    2485            20      1.0000000000000000e+00 
    2485             5      2.0000000000000004e+00 
    2485             0      2.0000000000000004e+00 
    2523             1     -1.4142135623730949e+00 
    2551             8     -1.4142135623730949e+00 
    2555            19     -1.4142135623730949e+00 
    2556            14      2.0000000000000004e+00 
    2556             5      2.0000000000000004e+00 
    2556             0      2.0000000000000004e+00 
    2595             1     -1.4142135623730949e+00 
    2619            12      1.2247448713915881e+00 
    2620            17     -9.9999999999999878e-01 
    2621            12      7.0710678118654691e-01 
    2623             8     -9.9999999999999967e-01 
    2625            18     -1.4142135623730940e+00 
    2626            13      9.9999999999999967e-01 
    2628            20      1.0000000000000000e+00 
    2628             5      2.0000000000000004e+00 
    2628             9      9.9999999999999967e-01 
    2628             0      2.0000000000000004e+00 
    2668             1     -1.4142135623730949e+00 
    2691            17     -1.2247448713915878e+00 
    2693            17      7.0710678118654702e-01 
    2694            12     -9.9999999999999900e-01 
    2696             8     -9.9999999999999967e-01 
    2698            18      9.9999999999999967e-01 
    2699            13     -1.4142135623730945e+00 
    2700            19      9.9999999999999933e-01 
    2701            14      1.0000000000000000e+00 
    2701             5      2.0000000000000004e+00 
    2701             9      9.9999999999999967e-01 
    2701             0      2.0000000000000004e+00 
    2742             1     -1.4142135623730949e+00 
    2768            17     -1.4142135623730943e+00 
    2769            12     -1.4142135623730945e+00 
    2773            18     -1.4142135623730945e+00 
    2774            13     -1.4142135623730949e+00 
    2775             5      2.0000000000000004e+00 
    2775             9      2.0000000000000004e+00 
    2775             0      2.0000000000000004e+00 
    2791             6      9.9999999999999878e-01 
    2793             3      1.2247448713915881e+00 
    2805             3      7.0710678118654691e-01 
    2817             1     -9.9999999999999967e-01 
    2838             4      9.9999999999999967e-01 
    2850            20      1.0000000000000000e+00 
    2850             9      1.0000000000000000e+00 
    2850            14      9.9999999999999956e-01 
    2850             0      2.0000000000000004e+00 
    2850             2      9.9999999999999967e-01 
    2869             3      1.2247448713915881e+00 
    2877             6     -9.9999999999999878e-01 
    2881             3      7.0710678118654691e-01 
    2893             1     -9.9999999999999967e-01 
    2910             7     -1.4142135623730940e+00 
    2914             4      9.9999999999999967e-01 
    2926            20      2.0000000000000004e+00 
    2926             9      1.0000000000000000e+00 
    2926             0      2.0000000000000004e+00 
    2926             2      9.9999999999999967e-01 
    2946             3      1.2247448713915881e+00 
    2954             6     -9.9999999999999878e-01 
    2958             3      7.0710678118654691e-01 
    2970             1     -9.9999999999999967e-01 
    2987             7     -1.4142135623730940e+00 
    2991             4      9.9999999999999967e-01 
    3002            19     -1.4142135623730945e+00 
    3003            14      9.9999999999999967e-01 
    3003            20      1.0000000000000000e+00 
    3003             9      1.0000000000000000e+00 
    3003             0      2.0000000000000004e+00 
    3003             2      9.9999999999999967e-01 
    3024             3      1.2247448713915881e+00 
    3032             6     -9.9999999999999878e-01 
    3036             3      7.0710678118654691e-01 
    3048             1     -9.9999999999999967e-01 
    3065             7     -1.4142135623730940e+00 
    3069             4      9.9999999999999967e-01 
    3080            19     -1.4142135623730949e+00 
    3081            14      2.0000000000000004e+00 
    3081             9      1.0000000000000000e+00 
    3081             0      2.0000000000000004e+00 
    3081             2      9.9999999999999967e-01 
    3097            10      1.2247448713915865e+00 
    3103             3      1.2247448713915881e+00 
    3108            15     -9.9999999999999811e-01 
    3109            10      7.0710678118654646e-01 
    3115             3      7.0710678118654691e-01 
    3127             1     -9.9999999999999967e-01 
    3141            16     -1.4142135623730931e+00 
    3142            11      9.9999999999999900e-01 
    3148             4      9.9999999999999967e-01 
    3156            13     -1.2247448713915883e+00 
    3157            18     -9.9999999999999900e-01 
    3158            13      7.0710678118654713e-01 
    3160            20      1.0000000000000000e+00 
    3160             9      1.9999999999999996e+00 
    3160             0      2.0000000000000004e+00 
    3160             2      9.9999999999999967e-01 
    3176            15     -1.2247448713915865e+00 
    3183             3      1.2247448713915881e+00 
    3188            15      7.0710678118654657e-01 
    3189            10     -9.9999999999999845e-01 
    3195             3      7.0710678118654691e-01 
    3207             1     -9.9999999999999967e-01 
    3221            16      9.9999999999999900e-01 
    3222            11     -1.4142135623730936e+00 
    3228             4      9.9999999999999967e-01 
    3235            18      1.2247448713915881e+00 
    3237            18      7.0710678118654724e-01 
    3238            13     -9.9999999999999956e-01 
    3239            19      9.9999999999999933e-01 
    3240             9      1.9999999999999996e+00 
    3240            14      1.0000000000000000e+00 
    3240             0      2.0000000000000004e+00 
    3240             2      9.9999999999999967e-01 
    3257             6     -1.1547005383792519e+00 
    3258             6     -4.0824829046386296e-01 
    3264             3      9.9999999999999922e-01 
    3270             6     -7.0710678118654702e-01 
    3288             1     -9.9999999999999967e-01 
    3303             7     -9.9999999999999978e-01 
    3315             8      9.9999999999999956e-01 
    3321            20      1.0000000000000000e+00 
    3321            14      9.9999999999999956e-01 
    3321             5      1.0000000000000000e+00 
    3321             0      2.0000000000000004e+00 
    3321             2      9.9999999999999967e-01 
    3338            10      1.1547005383792512e+00 
    3339            10     -2.0412414523193143e-01 
    3340            15     -4.9999999999999928e-01 
    3341            10      3.5355339059327340e-01 
    3343             6      4.9999999999999961e-01 
    3346             3      9.9999999999999922e-01 
    3351            10     -3.5355339059327340e-01 
    3352            15     -8.6602540378443693e-01 
    3353            10      6.1237243569579347e-01 
    3355             6      8.6602540378443738e-01 
    3370             1     -9.9999999999999967e-01 
    3384            11     -4.9999999999999978e-01 
    3385            16     -1.2247448713915872e+00 
    3386            11      8.6602540378443771e-01 
    3388             7      1.2247448713915881e+00 
    3396            12      4.9999999999999961e-01 
    3397            17      1.2247448713915869e+00 
    3398            12     -8.6602540378443749e-01 
    3400             8     -1.2247448713915876e+00 
    3402            13      9.9999999999999967e-01 
    3403            20      1.0000000000000000e+00 
    3403             9      9.9999999999999956e-01 
    3403             5      1.0000000000000000e+00 
    3403             0      2.0000000000000004e+00 
    3403             2      9.9999999999999967e-01 
    3420            15     -1.1547005383792512e+00 
    3421            15      2.0412414523193140e-01 
    3423            15      3.5355339059327345e-01 
    3424            10     -4.9999999999999944e-01 
    3426             6      4.9999999999999961e-01 
    3429             3      9.9999999999999922e-01 
    3433            15      3.5355339059327334e-01 
    3435            15      6.1237243569579358e-01 
    3436            10     -8.6602540378443726e-01 
    3438             6      8.6602540378443738e-01 
    3453             1     -9.9999999999999967e-01 
    3466            16      4.9999999999999967e-01 
    3468            16      8.6602540378443771e-01 
    3469            11     -1.2247448713915876e+00 
    3471             7      1.2247448713915881e+00 
    3478            17     -4.9999999999999950e-01 
    3480            17     -8.6602540378443749e-01 
    3481            12      1.2247448713915874e+00 
    3483             8     -1.2247448713915876e+00 
    3484            18     -9.9999999999999956e-01 
    3485            19      9.9999999999999933e-01 
    3486            14      1.0000000000000000e+00 
    3486             9      9.9999999999999956e-01 
    3486             5      1.0000000000000000e+00 
    3486             0      2.0000000000000004e+00 
    3486             2      9.9999999999999967e-01 
    3505             6     -1.2247448713915878e+00 
    3517             6      7.0710678118654702e-01 
    3522             3     -9.9999999999999900e-01 
    3537             1     -9.9999999999999967e-01 
    3550             7      9.9999999999999967e-01 
    3555             4     -1.4142135623730945e+00 
    3562             8      9.9999999999999933e-01 
    3570            20      2.0000000000000004e+00 
    3570             5      1.0000000000000000e+00 
    3570             0      2.0000000000000004e+00 
    3570             2      9.9999999999999967e-01 
    3590             6     -1.2247448713915878e+00 
    3602             6      7.0710678118654702e-01 
    3607             3     -9.9999999999999900e-01 
    3622             1     -9.9999999999999967e-01 
    3635             7      9.9999999999999967e-01 
    3640             4     -1.4142135623730945e+00 
    3647             8      9.9999999999999933e-01 
    3654            19     -1.4142135623730945e+00 
    3655            14      9.9999999999999967e-01 
    3655            20      1.0000000000000000e+00 
    3655             5      1.0000000000000000e+00 
    3655             0      2.0000000000000004e+00 
    3655             2      9.9999999999999967e-01 
    3676             6     -1.2247448713915878e+00 
    3688             6      7.0710678118654702e-01 
    3693             3     -9.9999999999999900e-01 
    3708             1     -9.9999999999999967e-01 
    3721             7      9.9999999999999967e-01 
    3726             4     -1.4142135623730945e+00 
    3733             8      9.9999999999999933e-01 
    3740            19     -1.4142135623730949e+00 
    3741            14      2.0000000000000004e+00 
    3741             5      1.0000000000000000e+00 
    3741             0      2.0000000000000004e+00 
    3741             2      9.9999999999999967e-01 
    3759            10      1.0606601717798194e+00 
    3760            15     -8.6602540378443693e-01 
    3761            10      6.1237243569579347e-01 
    3763             6     -8.6602540378443771e-01 
    3771            10     -6.1237243569579358e-01 
    3772            15      4.9999999999999911e-01 
    3773            10     -3.5355339059327329e-01 
    3775             6      4.9999999999999961e-01 
    3780             3     -9.9999999999999900e-01 
    3795             1     -9.9999999999999967e-01 
    3804            11     -8.6602540378443771e-01 
    3805            16      7.0710678118654657e-01 
    3806            11     -4.9999999999999950e-01 
    3808             7      7.0710678118654724e-01 
    3813             4     -1.4142135623730945e+00 
    3816            12     -8.6602540378443738e-01 
    3817            17      7.0710678118654635e-01 
    3818            12     -4.9999999999999939e-01 
    3820             8      7.0710678118654702e-01 
    3825            18     -1.4142135623730940e+00 
    3826            13      9.9999999999999967e-01 
    3828            20      1.0000000000000000e+00 
    3828             9      9.9999999999999967e-01 
    3828             5      1.0000000000000000e+00 
    3828             0      2.0000000000000004e+00 
    3828             2      9.9999999999999967e-01 
    3846            15     -1.0606601717798194e+00 
    3848            15      6.1237243569579358e-01 
    3849            10     -8.6602540378443726e-01 
    3851             6     -8.6602540378443771e-01 
    3858            15      6.1237243569579347e-01 
    3860            15     -3.5355339059327334e-01 
    3861            10      4.9999999999999928e-01 
    3863             6      4.9999999999999961e-01 
    3868             3     -9.9999999999999900e-01 
    3883             1     -9.9999999999999967e-01 
    3891            16      8.6602540378443749e-01 
    3893            16     -4.9999999999999950e-01 
    3894            11      7.0710678118654680e-01 
    3896             7      7.0710678118654724e-01 
    3901             4     -1.4142135623730945e+00 
    3903            17      8.6602540378443726e-01 
    3905            17     -4.9999999999999939e-01 
    3906            12      7.0710678118654657e-01 
    3908             8      7.0710678118654702e-01 
    3913            18      9.9999999999999967e-01 
    3914            13     -1.4142135623730945e+00 
    3915            19      9.9999999999999933e-01 
    3916            14      1.0000000000000000e+00 
    3916             9      9.9999999999999967e-01 
    3916             5      1.0000000000000000e+00 
    3916             0      2.0000000000000004e+00 
    3916             2      9.9999999999999967e-01 
    3938            15     -1.2247448713915872e+00 
    3939            10     -1.2247448713915874e+00 
    3950            15      7.0710678118654668e-01 
    3951            10      7.0710678118654691e-01 
    3957             3     -9.9999999999999900e-01 
    3972             1     -9.9999999999999967e-01 
    3983            16      9.9999999999999933e-01 
    3984            11      9.9999999999999956e-01 
    3990             4     -1.4142135623730945e+00 
    3995            17      9.9999999999999900e-01 
    3996            12      9.9999999999999922e-01 
    4003            18     -1.4142135623730945e+00 
    4004            13     -1.4142135623730949e+00 
    4005             9      2.0000000000000004e+00 
    4005             5      1.0000000000000000e+00 
    4005             0      2.0000000000000004e+00 
    4005             2      9.9999999999999967e-01 
    4029            10      1.2247448713915865e+00 
    4030             6      1.2247448713915872e+00 
    4041            15     -9.9999999999999811e-01 
    4042            10      7.0710678118654646e-01 
    4044             6      7.0710678118654668e-01 
    4062             1     -9.9999999999999967e-01 
    4074            16     -1.4142135623730931e+00 
    4075            11      9.9999999999999900e-01 
    4077             7      9.9999999999999933e-01 
    4086            12     -1.2247448713915876e+00 
    4087             8     -1.2247448713915883e+00 
    4089            17     -9.9999999999999878e-01 
    4090            12      7.0710678118654691e-01 
    4092             8      7.0710678118654713e-01 
    4095            20      1.0000000000000000e+00 
    4095             5      1.9999999999999996e+00 
    4095             0      2.0000000000000004e+00 
    4095             2      9.9999999999999967e-01 
    4119            15     -1.2247448713915865e+00 
    4121             6      1.2247448713915872e+00 
    4132            15      7.0710678118654657e-01 
    4133            10     -9.9999999999999845e-01 
    4135             6      7.0710678118654668e-01 
    4153             1     -9.9999999999999967e-01 
    4165            16      9.9999999999999900e-01 
    4166            11     -1.4142135623730936e+00 
    4168             7      9.9999999999999933e-01 
    4176            17      1.2247448713915874e+00 
    4178             8     -1.2247448713915883e+00 
    4180            17      7.0710678118654702e-01 
    4181            12     -9.9999999999999900e-01 
    4183             8      7.0710678118654713e-01 
    4185            19      9.9999999999999933e-01 
    4186            14      1.0000000000000000e+00 
    4186             5      1.9999999999999996e+00 
    4186             0      2.0000000000000004e+00 
    4186             2      9.9999999999999967e-01 
    4211            15     -1.2247448713915867e+00 
    4212            10     -1.2247448713915869e+00 
    4225            15      7.0710678118654668e-01 
    4226            10      7.0710678118654680e-01 
    4227             6     -9.9999999999999878e-01 
    4245             1     -9.9999999999999967e-01 
    4258            16      9.9999999999999922e-01 
    4259            11      9.9999999999999933e-01 
    4260             7     -1.4142135623730940e+00 
    4268            17      1.2247448713915878e+00 
    4269            12      1.2247448713915881e+00 
    4273            17      7.0710678118654713e-01 
    4274            12      7.0710678118654724e-01 
    4275             8     -9.9999999999999956e-01 
    4276            18      9.9999999999999922e-01 
    4277            13      9.9999999999999933e-01 
    4278             5      1.9999999999999996e+00 
    4278             9      1.0000000000000000e+00 
    4278             0      2.0000000000000004e+00 
    4278             2      9.9999999999999967e-01 
    4321             6     -1.4142135623730943e+00 
    4329             3     -1.4142135623730945e+00 
    4354             7     -1.4142135623730945e+00 
    4362             4     -1.4142135623730949e+00 
    4371            20      2.0000000000000004e+00 
    4371             0      2.0000000000000004e+00 
    4371             2      2.0000000000000004e+00 
    4415             6     -1.4142135623730943e+00 
    4423             3     -1.4142135623730945e+00 
    4448             7     -1.4142135623730945e+00 
    4456             4     -1.4142135623730949e+00 
    4464            19     -1.4142135623730945e+00 
    4465            14      9.9999999999999967e-01 
    4465            20      1.0000000000000000e+00 
    4465             0      2.0000000000000004e+00 
    4465             2      2.0000000000000004e+00 
    4510             6     -1.4142135623730943e+00 
    4518             3     -1.4142135623730945e+00 
    4543             7     -1.4142135623730945e+00 
    4551             4     -1.4142135623730949e+00 
    4559            19     -1.4142135623730949e+00 
    4560            14      2.0000000000000004e+00 
    4560             0      2.0000000000000004e+00 
    4560             2      2.0000000000000004e+00 
    4602            10      1.2247448713915874e+00 
    4603            15     -9.9999999999999845e-01 
    4604            10      7.0710678118654668e-01 
    4606             6     -9.9999999999999922e-01 
    4614             3     -1.4142135623730945e+00 
    4635            11      1.2247448713915876e+00 
    4636            16     -9.9999999999999856e-01 
    4637            11      7.0710678118654680e-01 
    4639             7     -9.9999999999999956e-01 
    4647             4     -1.4142135623730949e+00 
    4653            18     -1.4142135623730940e+00 
    4654            13      9.9999999999999967e-01 
    4656            20      1.0000000000000000e+00 
    4656             9      9.9999999999999967e-01 
    4656             0      2.0000000000000004e+00 
    4656             2      2.0000000000000004e+00 
    4698            15     -1.2247448713915872e+00 
    4700            15      7.0710678118654668e-01 
    4701            10     -9.9999999999999878e-01 
    4703             6     -9.9999999999999922e-01 
    4711             3     -1.4142135623730945e+00 
    4731            16     -1.2247448713915874e+00 
    4733            16      7.0710678118654691e-01 
    4734            11     -9.9999999999999889e-01 
    4736             7     -9.9999999999999956e-01 
    4744             4     -1.4142135623730949e+00 
    4750            18      9.9999999999999967e-01 
    4751            13     -1.4142135623730945e+00 
    4752            19      9.9999999999999933e-01 
    4753            14      1.0000000000000000e+00 
    4753             9      9.9999999999999967e-01 
    4753             0      2.0000000000000004e+00 
    4753             2      2.0000000000000004e+00 
    4799            15     -1.4142135623730936e+00 
    4800            10     -1.4142135623730938e+00 
    4809             3     -1.4142135623730945e+00 
    4832            16     -1.4142135623730938e+00 
    4833            11     -1.4142135623730943e+00 
    4842             4     -1.4142135623730949e+00 
    4849            18     -1.4142135623730945e+00 
    4850            13     -1.4142135623730949e+00 
    4851             9      2.0000000000000004e+00 
    4851             0      2.0000000000000004e+00 
    4851             2      2.0000000000000004e+00 
    4899            10      1.2247448713915869e+00 
    4900             6      1.2247448713915876e+00 
    4902            15     -9.9999999999999822e-01 
    4903            10      7.0710678118654657e-01 
    4905             6      7.0710678118654680e-01 
    4908             3     -9.9999999999999956e-01 
    4932            11      1.2247448713915872e+00 
    4933             7      1.2247448713915881e+00 
    4935            16     -9.9999999999999845e-01 
    4936            11      7.0710678118654668e-01 
    4938             7      7.0710678118654691e-01 
    4941             4     -9.9999999999999967e-01 
    4944            17     -1.4142135623730936e+00 
    4945            12      9.9999999999999933e-01 
    4947             8      9.9999999999999967e-01 
    4950            20      1.0000000000000000e+00 
    4950             0      2.0000000000000004e+00 
    4950             2      2.0000000000000004e+00 
    4950             5      9.9999999999999967e-01 
    4998            15     -1.2247448713915869e+00 
    5000             6      1.2247448713915876e+00 
    5002            15      7.0710678118654668e-01 
    5003            10     -9.9999999999999856e-01 
    5005             6      7.0710678118654680e-01 
    5008             3     -9.9999999999999956e-01 
    5031            16     -1.2247448713915869e+00 
    5033             7      1.2247448713915881e+00 
    5035            16      7.0710678118654680e-01 
    5036            11     -9.9999999999999878e-01 
    5038             7      7.0710678118654691e-01 
    5041             4     -9.9999999999999967e-01 
    5044            17      9.9999999999999933e-01 
    5045            12     -1.4142135623730940e+00 
    5047             8      9.9999999999999967e-01 
    5049            19      9.9999999999999933e-01 
    5050            14      1.0000000000000000e+00 
    5050             0      2.0000000000000004e+00 
    5050             2      2.0000000000000004e+00 
    5050             5      9.9999999999999967e-01 
    5099            15     -1.2247448713915872e+00 
    5100            10     -1.2247448713915874e+00 
    5104            15      7.0710678118654668e-01 
    5105            10      7.0710678118654691e-01 
    5106             6     -9.9999999999999889e-01 
    5109             3     -9.9999999999999956e-01 
    5132            16     -1.2247448713915874e+00 
    5133            11     -1.2247448713915878e+00 
    5137            16      7.0710678118654691e-01 
    5138            11      7.0710678118654702e-01 
    5139             7     -9.9999999999999900e-01 
    5142             4     -9.9999999999999967e-01 
    5146            17      9.9999999999999956e-01 
    5147            12      9.9999999999999967e-01 
    5148             8     -1.4142135623730945e+00 
    5149            18      9.9999999999999922e-01 
    5150            13      9.9999999999999933e-01 
    5151             9      1.0000000000000000e+00 
    5151             0      2.0000000000000004e+00 
    5151             2      2.0000000000000004e+00 
    5151             5      9.9999999999999967e-01 
    5208            15     -1.4142135623730936e+00 
    5209            10     -1.4142135623730938e+00 
    5210             6     -1.4142135623730943e+00 
    5241            16     -1.4142135623730938e+00 
    5242            11     -1.4142135623730943e+00 
    5243             7     -1.4142135623730945e+00 
    5250            17     -1.4142135623730943e+00 
    5251            12     -1.4142135623730945e+00 
    5252             8     -1.4142135623730949e+00 
    5253             0      2.0000000000000004e+00 
    5253             2      2.0000000000000004e+00 
    5253             5      2.0000000000000004e+00 
