 CSF List 
["e", "u", "u", "f"]
["e", "u", "f", "u"]
["e", "f", "u", "u"]
["u", "e", "u", "f"]
["u", "e", "f", "u"]
["u", "u", "e", "f"]
["u", "u", "u", "d"]
["u", "u", "d", "u"]
["u", "u", "f", "e"]
["u", "d", "u", "u"]
["u", "f", "e", "u"]
["u", "f", "u", "e"]
["f", "e", "u", "u"]
["f", "u", "e", "u"]
["f", "u", "u", "e"]
 Energy Expression 
      IJ       pqrs     Coef 
       1             2      9.9999999999999967e-01 
       1             5      1.0000000000000000e+00 
       1             9      2.0000000000000013e+00 
       2             8     -9.9999999999999967e-01 
       3             2      9.9999999999999967e-01 
       3             5      1.9999999999999996e+00 
       3             9      1.0000000000000000e+00 
       4             7      9.9999999999999922e-01 
       5             4     -9.9999999999999967e-01 
       6             9      1.0000000000000000e+00 
       6             2      2.0000000000000004e+00 
       6             5      9.9999999999999967e-01 
       7             1      9.9999999999999967e-01 
      10             5      1.0000000000000000e+00 
      10             9      2.0000000000000013e+00 
      10             0      9.9999999999999967e-01 
      12             1      9.9999999999999967e-01 
      14             8     -9.9999999999999967e-01 
      15             5      1.9999999999999996e+00 
      15             9      1.0000000000000000e+00 
      15             0      9.9999999999999967e-01 
      16             3     -9.9999999999999978e-01 
      19             4      9.9999999999999956e-01 
      21             9      2.0000000000000013e+00 
      21             0      9.9999999999999967e-01 
      21             2      1.0000000000000000e+00 
      22             6     -1.1547005383792517e+00 
      25             7      1.1547005383792515e+00 
      27             8     -1.1547005383792517e+00 
      28             0      9.9999999999999967e-01 
      28             2      1.0000000000000000e+00 
      28             5      1.0000000000000000e+00 
      28             9      1.0000000000000002e+00 
      29             6     -4.0824829046386285e-01 
      30             3      1.2247448713915881e+00 
      32             7      4.0824829046386280e-01 
      33             4     -1.2247448713915876e+00 
      34             8      8.1649658092772592e-01 
      36             9      1.0000000000000000e+00 
      36             0      9.9999999999999967e-01 
      36             2      1.0000000000000000e+00 
      36             5      9.9999999999999956e-01 
      38             6     -9.9999999999999956e-01 
      41             7      9.9999999999999933e-01 
      43             8     -1.1547005383792521e+00 
      44             8      8.1649658092772570e-01 
      45             0      9.9999999999999967e-01 
      45             2      1.0000000000000000e+00 
      45             5      2.0000000000000013e+00 
      46             6     -7.0710678118654691e-01 
      47             3      7.0710678118654724e-01 
      48             1     -1.4142135623730945e+00 
      49             7     -7.0710678118654668e-01 
      50             4      7.0710678118654702e-01 
      55             9      1.0000000000000000e+00 
      55             5      9.9999999999999967e-01 
      55             0      9.9999999999999967e-01 
      55             2      1.0000000000000000e+00 
      58             3      9.9999999999999933e-01 
      61             7     -9.9999999999999900e-01 
      63             4     -1.2247448713915883e+00 
      65             4      7.0710678118654713e-01 
      66             9      1.0000000000000000e+00 
      66             0      9.9999999999999967e-01 
      66             2      1.9999999999999996e+00 
      69             6     -9.9999999999999933e-01 
      73             7      1.1547005383792524e+00 
      74             7      4.0824829046386307e-01 
      75             4     -9.9999999999999967e-01 
      76             7     -7.0710678118654713e-01 
      77             8      9.9999999999999956e-01 
      78             0      9.9999999999999967e-01 
      78             2      1.9999999999999996e+00 
      78             5      1.0000000000000000e+00 
      82             6      9.9999999999999900e-01 
      83             3     -9.9999999999999956e-01 
      88             1     -1.4142135623730949e+00 
      91             9      1.0000000000000000e+00 
      91             5      9.9999999999999967e-01 
      91             0      2.0000000000000004e+00 
      97             6      9.9999999999999878e-01 
      99             3      1.2247448713915881e+00 
     101             3      7.0710678118654691e-01 
     102             1     -9.9999999999999967e-01 
     104             4      9.9999999999999967e-01 
     105             9      1.0000000000000000e+00 
     105             0      2.0000000000000004e+00 
     105             2      9.9999999999999967e-01 
     112             6     -1.1547005383792519e+00 
     113             6     -4.0824829046386296e-01 
     114             3      9.9999999999999922e-01 
     115             6     -7.0710678118654702e-01 
     117             1     -9.9999999999999967e-01 
     118             7     -9.9999999999999978e-01 
     119             8      9.9999999999999956e-01 
     120             5      1.0000000000000000e+00 
     120             0      2.0000000000000004e+00 
     120             2      9.9999999999999967e-01 
