 CSF List 
["e", "u", "u", "f"]
["e", "u", "f", "u"]
["e", "f", "u", "u"]
["u", "e", "u", "f"]
["u", "e", "f", "u"]
["u", "u", "e", "f"]
["u", "u", "u", "d"]
["u", "u", "d", "u"]
["u", "u", "f", "e"]
["u", "d", "u", "u"]
["u", "f", "e", "u"]
["u", "f", "u", "e"]
["f", "e", "u", "u"]
["f", "u", "e", "u"]
["f", "u", "u", "e"]
 Energy Expression 
      IJ       pqrs     Coef 
       1             2      9.9999999999999967e-01 
       1             5      1.0000000000000000e+00 
       1             9      2.0000000000000013e+00 
       1            24     -1.0000000000000004e+00 
       1            45     -1.0000000000000000e+00 
       1            54     -1.0000000000000004e+00 
       1            27      9.9999999999999956e-01 
       1            57      2.0000000000000000e+00 
       1            60      2.0000000000000009e+00 
       1            64      1.0000000000000004e+00 
       2             8     -9.9999999999999967e-01 
       2            48     -9.9999999999999922e-01 
       2            63     -9.9999999999999933e-01 
       2            51     -9.9999999999999933e-01 
       3             2      9.9999999999999967e-01 
       3             5      1.9999999999999996e+00 
       3             9      1.0000000000000000e+00 
       3            24     -9.9999999999999933e-01 
       3            45     -1.0000000000000000e+00 
       3            54     -9.9999999999999967e-01 
       3            27      1.9999999999999987e+00 
       3            57      9.9999999999999922e-01 
       3            60      1.9999999999999993e+00 
       3            30      9.9999999999999967e-01 
       4             7      9.9999999999999922e-01 
       4            43      9.9999999999999900e-01 
       4            62      9.9999999999999900e-01 
       4            40      9.9999999999999900e-01 
       5             4     -9.9999999999999967e-01 
       5            59     -9.9999999999999956e-01 
       5            29     -9.9999999999999956e-01 
       5            22     -9.9999999999999956e-01 
       6             9      1.0000000000000000e+00 
       6             2      2.0000000000000004e+00 
       6             5      9.9999999999999967e-01 
       6            24     -9.9999999999999967e-01 
       6            45     -9.9999999999999978e-01 
       6            54     -1.0000000000000004e+00 
       6            27      1.9999999999999993e+00 
       6            57      1.9999999999999996e+00 
       6            60      9.9999999999999956e-01 
       6            15      1.0000000000000000e+00 
       7             1      9.9999999999999967e-01 
       7            23     -1.0000000000000004e+00 
       7            44     -1.0000000000000000e+00 
       7            26      9.9999999999999956e-01 
       7            56      2.0000000000000000e+00 
       8            47     -9.9999999999999922e-01 
       9            39      9.9999999999999900e-01 
      10             5      1.0000000000000000e+00 
      10             9      2.0000000000000013e+00 
      10            54     -1.0000000000000004e+00 
      10            60      2.0000000000000009e+00 
      10            64      1.0000000000000004e+00 
      10             0      9.9999999999999967e-01 
      10            19     -1.0000000000000000e+00 
      10            37     -9.9999999999999967e-01 
      10            25      9.9999999999999922e-01 
      10            55      1.9999999999999993e+00 
      11            47     -9.9999999999999922e-01 
      12             1      9.9999999999999967e-01 
      12            23     -9.9999999999999933e-01 
      12            44     -1.0000000000000000e+00 
      12            26      1.9999999999999987e+00 
      12            56      9.9999999999999922e-01 
      13            21     -9.9999999999999956e-01 
      14             8     -9.9999999999999967e-01 
      14            63     -9.9999999999999933e-01 
      14            51     -9.9999999999999933e-01 
      14            46     -9.9999999999999889e-01 
      15             5      1.9999999999999996e+00 
      15             9      1.0000000000000000e+00 
      15            54     -9.9999999999999967e-01 
      15            60      1.9999999999999993e+00 
      15            30      9.9999999999999967e-01 
      15             0      9.9999999999999967e-01 
      15            19     -9.9999999999999900e-01 
      15            37     -9.9999999999999967e-01 
      15            25      1.9999999999999980e+00 
      15            55      9.9999999999999889e-01 
      16             3     -9.9999999999999978e-01 
      16            21      1.0000000000000004e+00 
      16            18     -9.9999999999999956e-01 
      16            52      1.0000000000000002e+00 
      16            58     -2.0000000000000004e+00 
      17            49      9.9999999999999878e-01 
      18            41     -9.9999999999999889e-01 
      19             4      9.9999999999999956e-01 
      19            17     -9.9999999999999933e-01 
      19            20      9.9999999999999900e-01 
      19            53     -1.0000000000000000e+00 
      19            59      2.0000000000000000e+00 
      20            50     -9.9999999999999922e-01 
      21             9      2.0000000000000013e+00 
      21            64      1.0000000000000004e+00 
      21             0      9.9999999999999967e-01 
      21             2      1.0000000000000000e+00 
      21            12     -1.0000000000000004e+00 
      21            37     -1.0000000000000004e+00 
      21            45     -1.0000000000000009e+00 
      21            13      9.9999999999999956e-01 
      21            55      2.0000000000000009e+00 
      21            57      2.0000000000000018e+00 
      22             6     -1.1547005383792517e+00 
      22            39      1.1547005383792528e+00 
      22            49      1.1547005383792519e+00 
      22            33     -1.1547005383792515e+00 
      22            36     -1.1547005383792517e+00 
      22            61     -1.1547005383792515e+00 
      23            52      1.1547005383792524e+00 
      24            44     -1.1547005383792521e+00 
      25             7      1.1547005383792515e+00 
      25            50     -1.1547005383792519e+00 
      25            43      1.1547005383792515e+00 
      25            32     -1.1547005383792512e+00 
      25            38      1.1547005383792508e+00 
      25            62      1.1547005383792512e+00 
      26            53     -1.1547005383792521e+00 
      27             8     -1.1547005383792517e+00 
      27            34      1.1547005383792515e+00 
      27            42      1.1547005383792519e+00 
      27            46     -1.1547005383792508e+00 
      27            48     -1.1547005383792515e+00 
      27            63     -1.1547005383792515e+00 
      28             0      9.9999999999999967e-01 
      28             2      1.0000000000000000e+00 
      28            12     -1.0000000000000004e+00 
      28            13      9.9999999999999956e-01 
      28             5      1.0000000000000000e+00 
      28             9      1.0000000000000002e+00 
      28            19     -9.9999999999999989e-01 
      28            24     -1.0000000000000002e+00 
      28            37      3.3333333333333459e-01 
      28            45      3.3333333333333448e-01 
      28            54      3.3333333333333448e-01 
      28            25      9.9999999999999933e-01 
      28            27      9.9999999999999978e-01 
      28            55      9.9999999999999956e-01 
      28            57      1.0000000000000000e+00 
      28            60      1.0000000000000000e+00 
      29             6     -4.0824829046386285e-01 
      29            39      4.0824829046386324e-01 
      29            49     -8.1649658092772759e-01 
      29            33     -4.0824829046386280e-01 
      29            36     -4.0824829046386280e-01 
      29            61     -4.0824829046386280e-01 
      30             3      1.2247448713915881e+00 
      30            21     -1.2247448713915889e+00 
      30            18      1.2247448713915876e+00 
      30            52     -8.1649658092772581e-01 
      30            58      1.2247448713915878e+00 
      30            28      1.2247448713915878e+00 
      31            23     -1.2247448713915892e+00 
      31            44     -4.0824829046386346e-01 
      32             7      4.0824829046386280e-01 
      32            50      8.1649658092772737e-01 
      32            43      4.0824829046386274e-01 
      32            32     -4.0824829046386274e-01 
      32            38      4.0824829046386257e-01 
      32            62      4.0824829046386268e-01 
      33             4     -1.2247448713915876e+00 
      33            17      1.2247448713915874e+00 
      33            20     -1.2247448713915869e+00 
      33            53      8.1649658092772548e-01 
      33            59     -1.2247448713915874e+00 
      33            29     -1.2247448713915876e+00 
      34             8      8.1649658092772592e-01 
      34            34      4.0824829046386346e-01 
      34            42      4.0824829046386335e-01 
      34            46      8.1649658092772537e-01 
      34            48      8.1649658092772581e-01 
      34            63      8.1649658092772570e-01 
      35            37      4.7140452079103234e-01 
      35            45      4.7140452079103240e-01 
      35            54     -9.4280904158206469e-01 
      36             9      1.0000000000000000e+00 
      36             0      9.9999999999999967e-01 
      36             2      1.0000000000000000e+00 
      36            12     -1.0000000000000004e+00 
      36            13      9.9999999999999956e-01 
      36             5      9.9999999999999956e-01 
      36            19      5.0000000000000144e-01 
      36            24      5.0000000000000144e-01 
      36            37     -8.3333333333333348e-01 
      36            45     -8.3333333333333370e-01 
      36            54     -3.3333333333333265e-01 
      36            25      9.9999999999999889e-01 
      36            27      9.9999999999999933e-01 
      36            55      9.9999999999999878e-01 
      36            57      9.9999999999999922e-01 
      36            60      9.9999999999999933e-01 
      37            52      1.0000000000000002e+00 
      38             6     -9.9999999999999956e-01 
      38            39      1.0000000000000004e+00 
      38            49      9.9999999999999967e-01 
      38            33     -9.9999999999999944e-01 
      38            36     -1.9999999999999993e+00 
      39            35      9.9999999999999989e-01 
      40            53     -1.0000000000000000e+00 
      41             7      9.9999999999999933e-01 
      41            50     -9.9999999999999956e-01 
      41            43      1.9999999999999991e+00 
      41            32     -9.9999999999999933e-01 
      41            38      9.9999999999999889e-01 
      42            54      1.0000000000000011e+00 
      43             8     -1.1547005383792521e+00 
      43            46     -1.1547005383792515e+00 
      43            48     -1.1547005383792519e+00 
      43            51     -1.1547005383792519e+00 
      44             8      8.1649658092772570e-01 
      44            34     -1.2247448713915894e+00 
      44            42     -1.2247448713915901e+00 
      44            46      8.1649658092772515e-01 
      44            48      8.1649658092772559e-01 
      44            51      8.1649658092772559e-01 
      45             0      9.9999999999999967e-01 
      45             2      1.0000000000000000e+00 
      45            12     -1.0000000000000004e+00 
      45            13      9.9999999999999956e-01 
      45             5      2.0000000000000013e+00 
      45            19     -1.0000000000000000e+00 
      45            24     -1.0000000000000004e+00 
      45            25      2.0000000000000000e+00 
      45            27      2.0000000000000009e+00 
      45            30      1.0000000000000004e+00 
      46             6     -7.0710678118654691e-01 
      46            39     -7.0710678118654668e-01 
      46            33     -7.0710678118654680e-01 
      46            36     -7.0710678118654680e-01 
      46            61     -7.0710678118654668e-01 
      47             3      7.0710678118654724e-01 
      47            21      7.0710678118654702e-01 
      47            18      7.0710678118654713e-01 
      47            58      7.0710678118654713e-01 
      47            28      7.0710678118654713e-01 
      48             1     -1.4142135623730945e+00 
      48            23      7.0710678118654691e-01 
      48            44      7.0710678118654702e-01 
      48            26     -1.4142135623730938e+00 
      48            56     -1.4142135623730940e+00 
      48            14     -1.4142135623730943e+00 
      49             7     -7.0710678118654668e-01 
      49            43     -7.0710678118654657e-01 
      49            32     -7.0710678118654646e-01 
      49            38     -7.0710678118654635e-01 
      49            62     -7.0710678118654646e-01 
      50             4      7.0710678118654702e-01 
      50            17      7.0710678118654680e-01 
      50            20      7.0710678118654668e-01 
      50            59      7.0710678118654691e-01 
      50            29      7.0710678118654691e-01 
      51            34      7.0710678118654691e-01 
      51            42     -7.0710678118654713e-01 
      52            37      8.1649658092772603e-01 
      52            45     -8.1649658092772659e-01 
      53            19      8.6602540378443849e-01 
      53            24     -8.6602540378443893e-01 
      53            37      2.8867513459481314e-01 
      53            45     -2.8867513459481331e-01 
      54            34     -7.0710678118654724e-01 
      54            42      7.0710678118654757e-01 
      55             9      1.0000000000000000e+00 
      55             5      9.9999999999999967e-01 
      55            54     -1.0000000000000004e+00 
      55            60      9.9999999999999956e-01 
      55             0      9.9999999999999967e-01 
      55             2      1.0000000000000000e+00 
      55            12      9.9999999999999956e-01 
      55            19     -4.9999999999999961e-01 
      55            24     -4.9999999999999978e-01 
      55            37     -4.9999999999999967e-01 
      55            45     -4.9999999999999983e-01 
      55            13      9.9999999999999956e-01 
      55            25      9.9999999999999922e-01 
      55            27      9.9999999999999956e-01 
      55            55      9.9999999999999933e-01 
      55            57      9.9999999999999967e-01 
      56            41      1.0000000000000002e+00 
      57            23     -9.9999999999999933e-01 
      58             3      9.9999999999999933e-01 
      58            21     -9.9999999999999933e-01 
      58            18      1.9999999999999987e+00 
      58            52     -1.0000000000000002e+00 
      58            58      9.9999999999999922e-01 
      59            42     -9.9999999999999933e-01 
      60            24      9.9999999999999956e-01 
      61             7     -9.9999999999999900e-01 
      61            38     -9.9999999999999856e-01 
      61            62     -9.9999999999999878e-01 
      61            40     -9.9999999999999878e-01 
      62            53      1.1547005383792528e+00 
      63             4     -1.2247448713915883e+00 
      63            20     -1.2247448713915878e+00 
      63            53      4.0824829046386246e-01 
      63            59     -1.2247448713915881e+00 
      63            22     -1.2247448713915881e+00 
      64            50     -9.9999999999999956e-01 
      65             4      7.0710678118654713e-01 
      65            17     -1.4142135623730936e+00 
      65            20      7.0710678118654691e-01 
      65            53     -7.0710678118654768e-01 
      65            59      7.0710678118654702e-01 
      65            22      7.0710678118654702e-01 
      66             9      1.0000000000000000e+00 
      66             0      9.9999999999999967e-01 
      66             2      1.9999999999999996e+00 
      66            12     -9.9999999999999933e-01 
      66            37     -9.9999999999999967e-01 
      66            45     -9.9999999999999933e-01 
      66            13      1.9999999999999987e+00 
      66            55      9.9999999999999889e-01 
      66            57      1.9999999999999987e+00 
      66            15      9.9999999999999967e-01 
      67            44     -1.0000000000000000e+00 
      68            35      9.9999999999999933e-01 
      69             6     -9.9999999999999933e-01 
      69            39      9.9999999999999933e-01 
      69            49      1.0000000000000004e+00 
      69            33     -1.9999999999999987e+00 
      69            36     -9.9999999999999933e-01 
      70            45      1.0000000000000002e+00 
      71            42     -9.9999999999999933e-01 
      72            53     -1.0000000000000002e+00 
      73             7      1.1547005383792524e+00 
      73            43      1.1547005383792524e+00 
      73            38      1.1547005383792519e+00 
      73            40      1.1547005383792521e+00 
      74             7      4.0824829046386307e-01 
      74            50     -1.2247448713915892e+00 
      74            43      4.0824829046386307e-01 
      74            38      4.0824829046386291e-01 
      74            40      4.0824829046386296e-01 
      75             4     -9.9999999999999967e-01 
      75            20     -9.9999999999999922e-01 
      75            29     -9.9999999999999933e-01 
      75            22     -9.9999999999999933e-01 
      76             7     -7.0710678118654713e-01 
      76            50      7.0710678118654791e-01 
      76            43     -7.0710678118654713e-01 
      76            32      1.4142135623730936e+00 
      76            38     -7.0710678118654691e-01 
      76            40     -7.0710678118654702e-01 
      77             8      9.9999999999999956e-01 
      77            34     -9.9999999999999889e-01 
      77            42     -9.9999999999999933e-01 
      77            46      9.9999999999999878e-01 
      77            48      1.9999999999999987e+00 
      78             0      9.9999999999999967e-01 
      78             2      1.9999999999999996e+00 
      78            12     -9.9999999999999933e-01 
      78            13      1.9999999999999987e+00 
      78            15      9.9999999999999967e-01 
      78             5      1.0000000000000000e+00 
      78            19     -1.0000000000000000e+00 
      78            24     -9.9999999999999967e-01 
      78            25      9.9999999999999922e-01 
      78            27      1.9999999999999993e+00 
      79            32      9.9999999999999922e-01 
      80            17     -9.9999999999999967e-01 
      81            12      1.0000000000000002e+00 
      82             6      9.9999999999999900e-01 
      82            36      9.9999999999999889e-01 
      82            61      9.9999999999999878e-01 
      82            31      9.9999999999999889e-01 
      83             3     -9.9999999999999956e-01 
      83            58     -9.9999999999999933e-01 
      83            28     -9.9999999999999933e-01 
      83            16     -9.9999999999999933e-01 
      84            35      9.9999999999999889e-01 
      85            44      1.1547005383792504e+00 
      86            23      1.2247448713915876e+00 
      86            44      4.0824829046386335e-01 
      87            41     -9.9999999999999989e-01 
      88             1     -1.4142135623730949e+00 
      88            23      7.0710678118654713e-01 
      88            44      7.0710678118654713e-01 
      88            26     -1.4142135623730943e+00 
      88            56     -1.4142135623730943e+00 
      88            11     -1.4142135623730945e+00 
      89            21     -9.9999999999999933e-01 
      90            39      9.9999999999999933e-01 
      91             9      1.0000000000000000e+00 
      91             5      9.9999999999999967e-01 
      91            54     -1.0000000000000004e+00 
      91            60      9.9999999999999956e-01 
      91             0      2.0000000000000004e+00 
      91            19     -9.9999999999999967e-01 
      91            37     -9.9999999999999978e-01 
      91            25      1.9999999999999993e+00 
      91            55      1.9999999999999996e+00 
      91            10      1.0000000000000000e+00 
      92            34     -9.9999999999999956e-01 
      93            19      9.9999999999999967e-01 
      94            17     -9.9999999999999967e-01 
      95            35      1.0000000000000002e+00 
      96            23     -9.9999999999999933e-01 
      97             6      9.9999999999999878e-01 
      97            33      9.9999999999999845e-01 
      97            61      9.9999999999999845e-01 
      97            31      9.9999999999999845e-01 
      98            52     -1.1547005383792524e+00 
      99             3      1.2247448713915881e+00 
      99            18      1.2247448713915876e+00 
      99            52     -4.0824829046386241e-01 
      99            58      1.2247448713915878e+00 
      99            16      1.2247448713915876e+00 
     100            49      9.9999999999999967e-01 
     101             3      7.0710678118654691e-01 
     101            21     -1.4142135623730936e+00 
     101            18      7.0710678118654680e-01 
     101            52     -7.0710678118654746e-01 
     101            58      7.0710678118654680e-01 
     101            16      7.0710678118654680e-01 
     102             1     -9.9999999999999967e-01 
     102            56     -9.9999999999999922e-01 
     102            14     -9.9999999999999956e-01 
     102            11     -9.9999999999999956e-01 
     103            47     -9.9999999999999900e-01 
     104             4      9.9999999999999967e-01 
     104            17     -9.9999999999999967e-01 
     104            20      1.9999999999999993e+00 
     104            53     -1.0000000000000004e+00 
     104            59      9.9999999999999956e-01 
     105             9      1.0000000000000000e+00 
     105             0      2.0000000000000004e+00 
     105            10      1.0000000000000000e+00 
     105             2      9.9999999999999967e-01 
     105            12     -9.9999999999999967e-01 
     105            37     -9.9999999999999956e-01 
     105            45     -1.0000000000000000e+00 
     105            13      1.9999999999999993e+00 
     105            55      1.9999999999999991e+00 
     105            57      9.9999999999999922e-01 
     106            37      1.0000000000000002e+00 
     107            34     -9.9999999999999944e-01 
     108            32      9.9999999999999967e-01 
     109            44     -1.0000000000000000e+00 
     110            41      9.9999999999999933e-01 
     111            52      9.9999999999999967e-01 
     112             6     -1.1547005383792519e+00 
     112            33     -1.1547005383792517e+00 
     112            36     -1.1547005383792517e+00 
     112            31     -1.1547005383792517e+00 
     113             6     -4.0824829046386296e-01 
     113            49      1.2247448713915885e+00 
     113            33     -4.0824829046386285e-01 
     113            36     -4.0824829046386291e-01 
     113            31     -4.0824829046386285e-01 
     114             3      9.9999999999999922e-01 
     114            18      9.9999999999999900e-01 
     114            28      9.9999999999999900e-01 
     114            16      9.9999999999999900e-01 
     115             6     -7.0710678118654702e-01 
     115            39      1.4142135623730936e+00 
     115            49      7.0710678118654757e-01 
     115            33     -7.0710678118654680e-01 
     115            36     -7.0710678118654691e-01 
     115            31     -7.0710678118654680e-01 
     116            47     -9.9999999999999900e-01 
     117             1     -9.9999999999999967e-01 
     117            14     -9.9999999999999956e-01 
     117            11     -9.9999999999999956e-01 
     117            26     -9.9999999999999956e-01 
     118             7     -9.9999999999999978e-01 
     118            50      1.0000000000000004e+00 
     118            43     -9.9999999999999956e-01 
     118            32      9.9999999999999967e-01 
     118            38     -1.9999999999999993e+00 
     119             8      9.9999999999999956e-01 
     119            34     -9.9999999999999944e-01 
     119            42     -9.9999999999999933e-01 
     119            46      1.9999999999999989e+00 
     119            48      9.9999999999999900e-01 
     120             5      1.0000000000000000e+00 
     120             0      2.0000000000000004e+00 
     120            10      1.0000000000000000e+00 
     120             2      9.9999999999999967e-01 
     120            12     -9.9999999999999967e-01 
     120            13      1.9999999999999993e+00 
     120            19     -9.9999999999999978e-01 
     120            24     -1.0000000000000004e+00 
     120            25      1.9999999999999996e+00 
     120            27      9.9999999999999956e-01 
