 CSF List 
["e", "e", "f", "f"]
["e", "u", "d", "f"]
["e", "u", "f", "d"]
["e", "f", "e", "f"]
["e", "f", "u", "d"]
["e", "f", "f", "e"]
["u", "e", "d", "f"]
["u", "e", "f", "d"]
["u", "u", "d", "d"]
["u", "d", "e", "f"]
["u", "d", "u", "d"]
["u", "d", "f", "e"]
["u", "f", "e", "d"]
["u", "f", "d", "e"]
["f", "e", "e", "f"]
["f", "e", "u", "d"]
["f", "e", "f", "e"]
["f", "u", "e", "d"]
["f", "u", "d", "e"]
["f", "f", "e", "e"]
 Energy Expression 
       I       J       pqrs     Coef 
       1       1             5      2.0000000000000004e+00 
       1       1             9      2.0000000000000004e+00 
       1       1            54     -2.0000000000000004e+00 
       1       1            60      4.0000000000000009e+00 
       1       1            30      1.0000000000000000e+00 
       1       1            64      1.0000000000000000e+00 
       1       2             4     -1.4142135623730949e+00 
       1       3             7     -1.4142135623730945e+00 
       1       7             3     -1.4142135623730945e+00 
       1       8             6     -1.4142135623730943e+00 
       2       1             4     -1.4142135623730945e+00 
       2       1            53      1.4142135623730945e+00 
       2       1            59     -2.8284271247461890e+00 
       2       1            29     -1.4142135623730943e+00 
       2       2             2      9.9999999999999967e-01 
       2       2             5      1.0000000000000000e+00 
       2       2             9      2.0000000000000004e+00 
       2       2            24      9.9999999999999956e-01 
       2       2            45     -9.9999999999999967e-01 
       2       2            54     -1.0000000000000000e+00 
       2       2            27      9.9999999999999956e-01 
       2       2            57      1.9999999999999993e+00 
       2       2            60      2.0000000000000000e+00 
       2       2            64      1.0000000000000000e+00 
       2       3             8     -9.9999999999999933e-01 
       2       4             4     -1.4142135623730945e+00 
       2       5             7     -9.9999999999999967e-01 
       2       7             1      9.9999999999999967e-01 
       2       9             6     -1.2247448713915878e+00 
       2      10             3      9.9999999999999900e-01 
       2      11             6      7.0710678118654702e-01 
       3       1             7     -1.4142135623730940e+00 
       3       1            50      1.4142135623730940e+00 
       3       1            43     -2.8284271247461881e+00 
       3       1            62     -1.4142135623730938e+00 
       3       2             8     -9.9999999999999956e-01 
       3       2            42      1.9999999999999978e+00 
       3       2            48     -9.9999999999999900e-01 
       3       2            63     -9.9999999999999933e-01 
       3       2            51     -9.9999999999999922e-01 
       3       3             2      9.9999999999999967e-01 
       3       3             5      1.9999999999999996e+00 
       3       3             9      1.0000000000000000e+00 
       3       3            24     -9.9999999999999933e-01 
       3       3            45      9.9999999999999889e-01 
       3       3            54     -9.9999999999999967e-01 
       3       3            27      1.9999999999999987e+00 
       3       3            57      9.9999999999999922e-01 
       3       3            60      1.9999999999999993e+00 
       3       3            30      9.9999999999999967e-01 
       3       4            50      1.4142135623730940e+00 
       3       5             4     -9.9999999999999967e-01 
       3       6             7     -1.4142135623730940e+00 
       3       7            41      1.9999999999999978e+00 
       3       7            47     -9.9999999999999900e-01 
       3       8             1      9.9999999999999967e-01 
       3       9             3      1.2247448713915881e+00 
       3      10            49     -9.9999999999999878e-01 
       3      11             3      7.0710678118654691e-01 
       3      12             6      9.9999999999999878e-01 
       4       1            24      1.0000000000000002e+00 
       4       2             4     -1.4142135623730949e+00 
       4       2            53      1.4142135623730949e+00 
       4       2            59     -2.8284271247461898e+00 
       4       2            22     -1.4142135623730945e+00 
       4       4             2      2.0000000000000004e+00 
       4       4             9      2.0000000000000004e+00 
       4       4            45     -2.0000000000000004e+00 
       4       4            57      4.0000000000000009e+00 
       4       4            15      1.0000000000000000e+00 
       4       4            64      1.0000000000000000e+00 
       4       5             8     -1.4142135623730949e+00 
       4       7            21     -1.4142135623730945e+00 
       4      10             1     -1.4142135623730949e+00 
       4      13             6     -1.4142135623730943e+00 
       5       1            42      1.4142135623730945e+00 
       5       2             7     -9.9999999999999900e-01 
       5       2            50      1.9999999999999973e+00 
       5       2            43     -9.9999999999999889e-01 
       5       2            62     -9.9999999999999900e-01 
       5       2            40     -9.9999999999999889e-01 
       5       3             4     -9.9999999999999967e-01 
       5       3            53      1.9999999999999991e+00 
       5       3            59     -9.9999999999999956e-01 
       5       3            29     -9.9999999999999956e-01 
       5       3            22     -9.9999999999999956e-01 
       5       4             8     -1.4142135623730945e+00 
       5       4            42      1.4142135623730945e+00 
       5       4            48     -2.8284271247461890e+00 
       5       4            63     -1.4142135623730943e+00 
       5       5             2      2.0000000000000004e+00 
       5       5             5      9.9999999999999967e-01 
       5       5             9      1.0000000000000000e+00 
       5       5            24     -9.9999999999999967e-01 
       5       5            45     -9.9999999999999978e-01 
       5       5            54      9.9999999999999956e-01 
       5       5            27      1.9999999999999993e+00 
       5       5            57      1.9999999999999996e+00 
       5       5            60      9.9999999999999956e-01 
       5       5            15      1.0000000000000000e+00 
       5       6             8     -1.4142135623730945e+00 
       5       7            39     -9.9999999999999889e-01 
       5       8            21     -9.9999999999999956e-01 
       5      10            41     -9.9999999999999933e-01 
       5      10            47      1.9999999999999987e+00 
       5      11             1     -1.4142135623730949e+00 
       5      13             3      9.9999999999999956e-01 
       5      14             6      9.9999999999999889e-01 
       6       1            45      1.0000000000000002e+00 
       6       2            53      1.4142135623730949e+00 
       6       3             7     -1.4142135623730945e+00 
       6       3            50      1.4142135623730945e+00 
       6       3            43     -2.8284271247461890e+00 
       6       3            40     -1.4142135623730943e+00 
       6       4            54      1.0000000000000002e+00 
       6       5             8     -1.4142135623730949e+00 
       6       5            42      1.4142135623730947e+00 
       6       5            48     -2.8284271247461894e+00 
       6       5            51     -1.4142135623730945e+00 
       6       6             2      2.0000000000000004e+00 
       6       6             5      2.0000000000000004e+00 
       6       6            24     -2.0000000000000004e+00 
       6       6            27      4.0000000000000009e+00 
       6       6            15      1.0000000000000000e+00 
       6       6            30      1.0000000000000000e+00 
       6       8            39     -1.4142135623730943e+00 
       6       9            41     -1.7320508075688750e+00 
       6      11            41     -9.9999999999999956e-01 
       6      11            47      1.9999999999999991e+00 
       6      12             1     -1.4142135623730949e+00 
       6      13            49     -1.4142135623730943e+00 
       6      14             3     -1.4142135623730945e+00 
       7       1             3     -1.4142135623730940e+00 
       7       1            52      1.4142135623730940e+00 
       7       1            58     -2.8284271247461881e+00 
       7       1            28     -1.4142135623730938e+00 
       7       2             1      9.9999999999999967e-01 
       7       2            23      9.9999999999999956e-01 
       7       2            44     -9.9999999999999967e-01 
       7       2            26      9.9999999999999956e-01 
       7       2            56      1.9999999999999993e+00 
       7       7             0      9.9999999999999967e-01 
       7       7             5      1.0000000000000000e+00 
       7       7             9      2.0000000000000004e+00 
       7       7            19      9.9999999999999889e-01 
       7       7            37     -9.9999999999999933e-01 
       7       7            54     -1.0000000000000000e+00 
       7       7            25      9.9999999999999922e-01 
       7       7            55      1.9999999999999987e+00 
       7       7            60      2.0000000000000000e+00 
       7       7            64      1.0000000000000000e+00 
       7       8             8     -9.9999999999999933e-01 
       7       9             7      1.2247448713915881e+00 
       7      10             4      9.9999999999999956e-01 
       7      11             7      7.0710678118654724e-01 
       7      15             3     -1.4142135623730940e+00 
       7      16             6     -9.9999999999999933e-01 
       8       1             6     -1.4142135623730936e+00 
       8       1            49      1.4142135623730936e+00 
       8       1            36     -2.8284271247461872e+00 
       8       1            61     -1.4142135623730934e+00 
       8       2            35      1.9999999999999978e+00 
       8       2            47     -9.9999999999999900e-01 
       8       3             1      9.9999999999999967e-01 
       8       3            23     -9.9999999999999933e-01 
       8       3            44      9.9999999999999889e-01 
       8       3            26      1.9999999999999987e+00 
       8       3            56      9.9999999999999922e-01 
       8       7             8     -9.9999999999999956e-01 
       8       7            34      1.9999999999999969e+00 
       8       7            46     -9.9999999999999878e-01 
       8       7            63     -9.9999999999999933e-01 
       8       7            51     -9.9999999999999922e-01 
       8       8             0      9.9999999999999967e-01 
       8       8             5      1.9999999999999996e+00 
       8       8             9      1.0000000000000000e+00 
       8       8            19     -9.9999999999999900e-01 
       8       8            37      9.9999999999999833e-01 
       8       8            54     -9.9999999999999967e-01 
       8       8            25      1.9999999999999980e+00 
       8       8            55      9.9999999999999889e-01 
       8       8            60      1.9999999999999993e+00 
       8       8            30      9.9999999999999967e-01 
       8       9             4     -1.2247448713915883e+00 
       8      10            50     -9.9999999999999922e-01 
       8      11             4      7.0710678118654713e-01 
       8      12             7      9.9999999999999900e-01 
       8      15            49      1.4142135623730936e+00 
       8      16             3     -9.9999999999999933e-01 
       8      17             6     -1.4142135623730936e+00 
       9       1            41     -1.7320508075688761e+00 
       9       1            35      1.7320508075688761e+00 
       9       2             6     -1.2247448713915876e+00 
       9       2            39      1.2247448713915885e+00 
       9       2            36     -1.2247448713915874e+00 
       9       2            33     -1.2247448713915874e+00 
       9       2            61     -1.2247448713915876e+00 
       9       3             3      1.2247448713915881e+00 
       9       3            21     -1.2247448713915889e+00 
       9       3            18      1.2247448713915876e+00 
       9       3            58      1.2247448713915878e+00 
       9       3            28      1.2247448713915878e+00 
       9       4            35      1.7320508075688761e+00 
       9       5            23     -1.2247448713915892e+00 
       9       5            44      1.2247448713915881e+00 
       9       7             7      1.2247448713915874e+00 
       9       7            43      1.2247448713915872e+00 
       9       7            32     -1.2247448713915872e+00 
       9       7            38      1.2247448713915867e+00 
       9       7            62      1.2247448713915874e+00 
       9       8             4     -1.2247448713915876e+00 
       9       8            17      1.2247448713915874e+00 
       9       8            20     -1.2247448713915869e+00 
       9       8            59     -1.2247448713915874e+00 
       9       8            29     -1.2247448713915876e+00 
       9       9             0      9.9999999999999967e-01 
       9       9             2      1.0000000000000000e+00 
       9       9             5      9.9999999999999956e-01 
       9       9             9      1.0000000000000000e+00 
       9       9            12     -1.0000000000000004e+00 
       9       9            19      5.0000000000000144e-01 
       9       9            37      5.0000000000000089e-01 
       9       9            24      5.0000000000000144e-01 
       9       9            45      5.0000000000000089e-01 
       9       9            54     -9.9999999999999967e-01 
       9       9            13      9.9999999999999956e-01 
       9       9            25      9.9999999999999889e-01 
       9       9            55      9.9999999999999878e-01 
       9       9            27      9.9999999999999933e-01 
       9       9            57      9.9999999999999922e-01 
       9       9            60      9.9999999999999933e-01 
       9      10            34     -1.2247448713915876e+00 
       9      10            42      1.2247448713915883e+00 
       9      11            19      8.6602540378443849e-01 
       9      11            37     -8.6602540378443771e-01 
       9      11            24     -8.6602540378443893e-01 
       9      11            45      8.6602540378443826e-01 
       9      13             4     -1.2247448713915876e+00 
       9      14             7      1.2247448713915874e+00 
       9      15            41     -1.7320508075688761e+00 
       9      18             3      1.2247448713915881e+00 
       9      19             6     -1.2247448713915876e+00 
      10       1            23     -1.4142135623730945e+00 
      10       2             3      9.9999999999999967e-01 
      10       2            21      9.9999999999999956e-01 
      10       2            18      9.9999999999999956e-01 
      10       2            52     -9.9999999999999967e-01 
      10       2            58      1.9999999999999993e+00 
      10       4             1     -1.4142135623730945e+00 
      10       4            44      1.4142135623730945e+00 
      10       4            56     -2.8284271247461890e+00 
      10       4            14     -1.4142135623730943e+00 
      10       7             4      9.9999999999999933e-01 
      10       7            17      9.9999999999999878e-01 
      10       7            20      9.9999999999999889e-01 
      10       7            53     -9.9999999999999933e-01 
      10       7            59      1.9999999999999987e+00 
      10      10             0      9.9999999999999967e-01 
      10      10             2      1.0000000000000000e+00 
      10      10             9      2.0000000000000004e+00 
      10      10            12      9.9999999999999956e-01 
      10      10            37     -9.9999999999999967e-01 
      10      10            45     -1.0000000000000000e+00 
      10      10            13      9.9999999999999956e-01 
      10      10            55      1.9999999999999993e+00 
      10      10            57      2.0000000000000000e+00 
      10      10            64      1.0000000000000000e+00 
      10      11             8     -1.4142135623730949e+00 
      10      13             7     -9.9999999999999922e-01 
      10      15             1     -1.4142135623730945e+00 
      10      18             6     -9.9999999999999956e-01 
      11       1            41     -9.9999999999999900e-01 
      11       1            35     -9.9999999999999900e-01 
      11       2             6      7.0710678118654680e-01 
      11       2            49     -1.4142135623730934e+00 
      11       2            39      7.0710678118654680e-01 
      11       2            36      7.0710678118654668e-01 
      11       2            33      7.0710678118654668e-01 
      11       2            61      7.0710678118654668e-01 
      11       3             3      7.0710678118654724e-01 
      11       3            21      7.0710678118654702e-01 
      11       3            18      7.0710678118654713e-01 
      11       3            52     -1.4142135623730943e+00 
      11       3            58      7.0710678118654713e-01 
      11       3            28      7.0710678118654713e-01 
      11       4            35     -9.9999999999999900e-01 
      11       4            47      1.9999999999999980e+00 
      11       5             1     -1.4142135623730945e+00 
      11       5            23      7.0710678118654691e-01 
      11       5            44      7.0710678118654702e-01 
      11       5            26     -1.4142135623730938e+00 
      11       5            56     -1.4142135623730940e+00 
      11       5            14     -1.4142135623730943e+00 
      11       7             7      7.0710678118654657e-01 
      11       7            50     -1.4142135623730929e+00 
      11       7            43      7.0710678118654646e-01 
      11       7            32      7.0710678118654635e-01 
      11       7            38      7.0710678118654624e-01 
      11       7            62      7.0710678118654646e-01 
      11       8             4      7.0710678118654702e-01 
      11       8            17      7.0710678118654680e-01 
      11       8            20      7.0710678118654668e-01 
      11       8            53     -1.4142135623730938e+00 
      11       8            59      7.0710678118654691e-01 
      11       8            29      7.0710678118654691e-01 
      11      10             8     -1.4142135623730945e+00 
      11      10            34      7.0710678118654691e-01 
      11      10            42      7.0710678118654713e-01 
      11      10            46     -1.4142135623730938e+00 
      11      10            48     -1.4142135623730943e+00 
      11      10            63     -1.4142135623730943e+00 
      11      11             0      9.9999999999999967e-01 
      11      11             2      1.0000000000000000e+00 
      11      11             5      9.9999999999999967e-01 
      11      11             9      1.0000000000000000e+00 
      11      11            12      9.9999999999999956e-01 
      11      11            19     -4.9999999999999961e-01 
      11      11            37     -4.9999999999999967e-01 
      11      11            24     -4.9999999999999978e-01 
      11      11            45     -4.9999999999999983e-01 
      11      11            54      9.9999999999999956e-01 
      11      11            13      9.9999999999999956e-01 
      11      11            25      9.9999999999999922e-01 
      11      11            55      9.9999999999999933e-01 
      11      11            27      9.9999999999999956e-01 
      11      11            57      9.9999999999999967e-01 
      11      11            60      9.9999999999999956e-01 
      11      12             8     -1.4142135623730945e+00 
      11      13             4      7.0710678118654702e-01 
      11      14             7      7.0710678118654657e-01 
      11      15            41     -9.9999999999999900e-01 
      11      15            47      1.9999999999999980e+00 
      11      16             1     -1.4142135623730945e+00 
      11      18             3      7.0710678118654724e-01 
      11      19             6      7.0710678118654680e-01 
      12       1            44     -1.4142135623730945e+00 
      12       2            52     -9.9999999999999967e-01 
      12       3             6      9.9999999999999956e-01 
      12       3            49     -9.9999999999999956e-01 
      12       3            39      9.9999999999999922e-01 
      12       3            36      1.9999999999999991e+00 
      12       3            33      9.9999999999999933e-01 
      12       5            35     -9.9999999999999933e-01 
      12       5            47      1.9999999999999987e+00 
      12       6             1     -1.4142135623730945e+00 
      12       6            23      1.4142135623730945e+00 
      12       6            26     -2.8284271247461890e+00 
      12       6            14     -1.4142135623730943e+00 
      12       7            53     -9.9999999999999933e-01 
      12       8             7      9.9999999999999922e-01 
      12       8            50     -9.9999999999999922e-01 
      12       8            43      1.9999999999999984e+00 
      12       8            32      9.9999999999999867e-01 
      12       8            38      9.9999999999999867e-01 
      12       9            34      1.2247448713915874e+00 
      12       9            42     -1.2247448713915876e+00 
      12      10            54      1.0000000000000002e+00 
      12      11             8     -1.4142135623730949e+00 
      12      11            34      7.0710678118654702e-01 
      12      11            42      7.0710678118654724e-01 
      12      11            46     -1.4142135623730940e+00 
      12      11            48     -1.4142135623730945e+00 
      12      11            51     -1.4142135623730945e+00 
      12      12             0      9.9999999999999967e-01 
      12      12             2      1.0000000000000000e+00 
      12      12             5      2.0000000000000004e+00 
      12      12            12      9.9999999999999956e-01 
      12      12            19     -9.9999999999999967e-01 
      12      12            24     -1.0000000000000000e+00 
      12      12            13      9.9999999999999956e-01 
      12      12            25      1.9999999999999993e+00 
      12      12            27      2.0000000000000000e+00 
      12      12            30      1.0000000000000000e+00 
      12      13            50     -9.9999999999999922e-01 
      12      14             4     -9.9999999999999933e-01 
      12      16            41     -9.9999999999999933e-01 
      12      16            47      1.9999999999999987e+00 
      12      17             1     -1.4142135623730945e+00 
      12      18            49     -9.9999999999999956e-01 
      12      19             3     -9.9999999999999967e-01 
      13       2            41     -9.9999999999999867e-01 
      13       2            35      1.9999999999999978e+00 
      13       3            23     -9.9999999999999933e-01 
      13       4             6     -1.4142135623730936e+00 
      13       4            39      1.4142135623730936e+00 
      13       4            33     -2.8284271247461872e+00 
      13       4            61     -1.4142135623730934e+00 
      13       5             3      9.9999999999999933e-01 
      13       5            21     -9.9999999999999933e-01 
      13       5            18      1.9999999999999987e+00 
      13       5            52      9.9999999999999933e-01 
      13       5            58      9.9999999999999922e-01 
      13       7            42     -9.9999999999999922e-01 
      13       8            24      9.9999999999999956e-01 
      13       9             4     -1.2247448713915883e+00 
      13       9            20     -1.2247448713915878e+00 
      13       9            53      1.2247448713915876e+00 
      13       9            59     -1.2247448713915881e+00 
      13       9            22     -1.2247448713915881e+00 
      13      10             7     -9.9999999999999900e-01 
      13      10            32      1.9999999999999973e+00 
      13      10            38     -9.9999999999999878e-01 
      13      10            62     -9.9999999999999900e-01 
      13      10            40     -9.9999999999999889e-01 
      13      11             4      7.0710678118654713e-01 
      13      11            17     -1.4142135623730936e+00 
      13      11            20      7.0710678118654691e-01 
      13      11            53      7.0710678118654702e-01 
      13      11            59      7.0710678118654702e-01 
      13      11            22      7.0710678118654702e-01 
      13      13             0      9.9999999999999967e-01 
      13      13             2      1.9999999999999996e+00 
      13      13             9      1.0000000000000000e+00 
      13      13            12     -9.9999999999999933e-01 
      13      13            37      9.9999999999999833e-01 
      13      13            45     -9.9999999999999933e-01 
      13      13            13      1.9999999999999987e+00 
      13      13            55      9.9999999999999889e-01 
      13      13            57      1.9999999999999987e+00 
      13      13            15      9.9999999999999967e-01 
      13      14             8      9.9999999999999956e-01 
      13      15            39      1.4142135623730936e+00 
      13      16            21     -9.9999999999999933e-01 
      13      18             1     -9.9999999999999967e-01 
      13      20             6     -1.4142135623730936e+00 
      14       2            44     -9.9999999999999967e-01 
      14       3            41      1.9999999999999978e+00 
      14       3            35     -9.9999999999999878e-01 
      14       4            52     -1.4142135623730940e+00 
      14       5             6      9.9999999999999933e-01 
      14       5            49      9.9999999999999911e-01 
      14       5            39     -9.9999999999999944e-01 
      14       5            36      9.9999999999999922e-01 
      14       5            33      1.9999999999999989e+00 
      14       6             3     -1.4142135623730940e+00 
      14       6            21      1.4142135623730940e+00 
      14       6            18     -2.8284271247461881e+00 
      14       6            28     -1.4142135623730938e+00 
      14       7            45      9.9999999999999978e-01 
      14       8            42     -9.9999999999999911e-01 
      14       9             7      1.2247448713915881e+00 
      14       9            50     -1.2247448713915885e+00 
      14       9            43      1.2247448713915881e+00 
      14       9            38      1.2247448713915876e+00 
      14       9            40      1.2247448713915878e+00 
      14      10            53     -9.9999999999999956e-01 
      14      11             7      7.0710678118654724e-01 
      14      11            50      7.0710678118654702e-01 
      14      11            43      7.0710678118654713e-01 
      14      11            32     -1.4142135623730936e+00 
      14      11            38      7.0710678118654691e-01 
      14      11            40      7.0710678118654702e-01 
      14      12             4     -9.9999999999999956e-01 
      14      12            17      1.9999999999999978e+00 
      14      12            20     -9.9999999999999900e-01 
      14      12            29     -9.9999999999999933e-01 
      14      12            22     -9.9999999999999922e-01 
      14      13             8      9.9999999999999933e-01 
      14      13            34      9.9999999999999800e-01 
      14      13            42     -9.9999999999999911e-01 
      14      13            46      9.9999999999999867e-01 
      14      13            48      1.9999999999999982e+00 
      14      14             0      9.9999999999999967e-01 
      14      14             2      1.9999999999999996e+00 
      14      14             5      1.0000000000000000e+00 
      14      14            12     -9.9999999999999933e-01 
      14      14            19      9.9999999999999889e-01 
      14      14            24     -9.9999999999999967e-01 
      14      14            13      1.9999999999999987e+00 
      14      14            25      9.9999999999999922e-01 
      14      14            27      1.9999999999999993e+00 
      14      14            15      9.9999999999999967e-01 
      14      16            39     -9.9999999999999944e-01 
      14      17            21      1.4142135623730940e+00 
      14      18            41      1.9999999999999978e+00 
      14      18            47     -9.9999999999999889e-01 
      14      19             1     -9.9999999999999967e-01 
      14      20             3     -1.4142135623730940e+00 
      15       1            19      1.0000000000000002e+00 
      15       2            17     -1.4142135623730947e+00 
      15       4            12      1.0000000000000002e+00 
      15       7             3     -1.4142135623730945e+00 
      15       7            52      1.4142135623730945e+00 
      15       7            58     -2.8284271247461890e+00 
      15       7            16     -1.4142135623730943e+00 
      15      10             1     -1.4142135623730949e+00 
      15      10            44      1.4142135623730949e+00 
      15      10            56     -2.8284271247461898e+00 
      15      10            11     -1.4142135623730945e+00 
      15      15             0      2.0000000000000004e+00 
      15      15             9      2.0000000000000004e+00 
      15      15            37     -2.0000000000000004e+00 
      15      15            55      4.0000000000000009e+00 
      15      15            10      1.0000000000000000e+00 
      15      15            64      1.0000000000000000e+00 
      15      16             8     -1.4142135623730949e+00 
      15      18             7     -1.4142135623730945e+00 
      16       1            34      1.4142135623730945e+00 
      16       2            32     -9.9999999999999900e-01 
      16       3            17     -9.9999999999999967e-01 
      16       5            12      1.0000000000000002e+00 
      16       7             6     -9.9999999999999889e-01 
      16       7            49      1.9999999999999973e+00 
      16       7            36     -9.9999999999999878e-01 
      16       7            61     -9.9999999999999878e-01 
      16       7            31     -9.9999999999999878e-01 
      16       8             3     -9.9999999999999956e-01 
      16       8            52      1.9999999999999987e+00 
      16       8            58     -9.9999999999999933e-01 
      16       8            28     -9.9999999999999933e-01 
      16       8            16     -9.9999999999999933e-01 
      16       9            23      1.2247448713915876e+00 
      16       9            44     -1.2247448713915876e+00 
      16      10            35     -9.9999999999999933e-01 
      16      10            47      1.9999999999999987e+00 
      16      11             1     -1.4142135623730949e+00 
      16      11            23      7.0710678118654713e-01 
      16      11            44      7.0710678118654713e-01 
      16      11            26     -1.4142135623730943e+00 
      16      11            56     -1.4142135623730943e+00 
      16      11            11     -1.4142135623730945e+00 
      16      15             8     -1.4142135623730945e+00 
      16      15            34      1.4142135623730945e+00 
      16      15            46     -2.8284271247461890e+00 
      16      15            63     -1.4142135623730943e+00 
      16      16             0      2.0000000000000004e+00 
      16      16             5      9.9999999999999967e-01 
      16      16             9      1.0000000000000000e+00 
      16      16            19     -9.9999999999999967e-01 
      16      16            37     -9.9999999999999978e-01 
      16      16            54      9.9999999999999956e-01 
      16      16            25      1.9999999999999993e+00 
      16      16            55      1.9999999999999996e+00 
      16      16            60      9.9999999999999956e-01 
      16      16            10      1.0000000000000000e+00 
      16      17             8     -1.4142135623730945e+00 
      16      18             4      9.9999999999999967e-01 
      16      19             7      9.9999999999999900e-01 
      17       1            37      1.0000000000000002e+00 
      17       3            32     -1.4142135623730945e+00 
      17       6            12      1.0000000000000002e+00 
      17       7            52      1.4142135623730945e+00 
      17       8             6     -1.4142135623730943e+00 
      17       8            49      1.4142135623730943e+00 
      17       8            36     -2.8284271247461885e+00 
      17       8            31     -1.4142135623730940e+00 
      17       9            35      1.7320508075688750e+00 
      17      11            35     -9.9999999999999956e-01 
      17      11            47      1.9999999999999991e+00 
      17      12             1     -1.4142135623730949e+00 
      17      12            23      1.4142135623730949e+00 
      17      12            26     -2.8284271247461898e+00 
      17      12            11     -1.4142135623730945e+00 
      17      15            54      1.0000000000000002e+00 
      17      16             8     -1.4142135623730949e+00 
      17      16            34      1.4142135623730947e+00 
      17      16            46     -2.8284271247461894e+00 
      17      16            51     -1.4142135623730945e+00 
      17      17             0      2.0000000000000004e+00 
      17      17             5      2.0000000000000004e+00 
      17      17            19     -2.0000000000000004e+00 
      17      17            25      4.0000000000000009e+00 
      17      17            10      1.0000000000000000e+00 
      17      17            30      1.0000000000000000e+00 
      17      18            50     -1.4142135623730945e+00 
      17      19             4     -1.4142135623730949e+00 
      18       2            34     -9.9999999999999933e-01 
      18       3            19      9.9999999999999967e-01 
      18       4            32      1.4142135623730940e+00 
      18       5            17     -9.9999999999999967e-01 
      18       7            41      1.9999999999999978e+00 
      18       7            35     -9.9999999999999867e-01 
      18       8            23     -9.9999999999999933e-01 
      18       9             3      1.2247448713915881e+00 
      18       9            18      1.2247448713915876e+00 
      18       9            52     -1.2247448713915872e+00 
      18       9            58      1.2247448713915878e+00 
      18       9            16      1.2247448713915876e+00 
      18      10             6     -9.9999999999999878e-01 
      18      10            39      1.9999999999999969e+00 
      18      10            33     -9.9999999999999856e-01 
      18      10            61     -9.9999999999999867e-01 
      18      10            31     -9.9999999999999856e-01 
      18      11             3      7.0710678118654691e-01 
      18      11            21     -1.4142135623730936e+00 
      18      11            18      7.0710678118654680e-01 
      18      11            52      7.0710678118654691e-01 
      18      11            58      7.0710678118654680e-01 
      18      11            16      7.0710678118654680e-01 
      18      13             1     -9.9999999999999967e-01 
      18      13            44      1.9999999999999980e+00 
      18      13            56     -9.9999999999999922e-01 
      18      13            14     -9.9999999999999956e-01 
      18      13            11     -9.9999999999999956e-01 
      18      15             7     -1.4142135623730940e+00 
      18      15            32      1.4142135623730940e+00 
      18      15            38     -2.8284271247461881e+00 
      18      15            62     -1.4142135623730938e+00 
      18      16             4      9.9999999999999967e-01 
      18      16            17     -9.9999999999999967e-01 
      18      16            20      1.9999999999999993e+00 
      18      16            53      9.9999999999999956e-01 
      18      16            59      9.9999999999999956e-01 
      18      18             0      2.0000000000000004e+00 
      18      18             2      9.9999999999999967e-01 
      18      18             9      1.0000000000000000e+00 
      18      18            12     -9.9999999999999967e-01 
      18      18            37     -9.9999999999999956e-01 
      18      18            45      9.9999999999999889e-01 
      18      18            13      1.9999999999999993e+00 
      18      18            55      1.9999999999999991e+00 
      18      18            57      9.9999999999999922e-01 
      18      18            10      1.0000000000000000e+00 
      18      19             8      9.9999999999999956e-01 
      18      20             7     -1.4142135623730940e+00 
      19       2            37      1.0000000000000000e+00 
      19       3            34     -9.9999999999999922e-01 
      19       5            32     -9.9999999999999978e-01 
      19       6            17      1.4142135623730945e+00 
      19       7            44     -9.9999999999999967e-01 
      19       8            41     -9.9999999999999878e-01 
      19       8            35      1.9999999999999978e+00 
      19       9             6     -1.2247448713915878e+00 
      19       9            49      1.2247448713915881e+00 
      19       9            36     -1.2247448713915876e+00 
      19       9            33     -1.2247448713915874e+00 
      19       9            31     -1.2247448713915874e+00 
      19      10            52     -9.9999999999999900e-01 
      19      11             6      7.0710678118654702e-01 
      19      11            49      7.0710678118654668e-01 
      19      11            39     -1.4142135623730936e+00 
      19      11            36      7.0710678118654680e-01 
      19      11            33      7.0710678118654680e-01 
      19      11            31      7.0710678118654680e-01 
      19      12             3     -9.9999999999999900e-01 
      19      12            21      1.9999999999999973e+00 
      19      12            18     -9.9999999999999889e-01 
      19      12            28     -9.9999999999999900e-01 
      19      12            16     -9.9999999999999889e-01 
      19      13            35      1.9999999999999978e+00 
      19      13            47     -9.9999999999999889e-01 
      19      14             1     -9.9999999999999967e-01 
      19      14            23      1.9999999999999991e+00 
      19      14            26     -9.9999999999999956e-01 
      19      14            14     -9.9999999999999956e-01 
      19      14            11     -9.9999999999999956e-01 
      19      15            53     -1.4142135623730945e+00 
      19      16             7      9.9999999999999967e-01 
      19      16            50      9.9999999999999956e-01 
      19      16            43      9.9999999999999956e-01 
      19      16            32     -9.9999999999999978e-01 
      19      16            38      1.9999999999999996e+00 
      19      17             4     -1.4142135623730945e+00 
      19      17            17      1.4142135623730945e+00 
      19      17            20     -2.8284271247461890e+00 
      19      17            29     -1.4142135623730943e+00 
      19      18             8      9.9999999999999933e-01 
      19      18            34     -9.9999999999999922e-01 
      19      18            42      9.9999999999999878e-01 
      19      18            46      1.9999999999999984e+00 
      19      18            48      9.9999999999999889e-01 
      19      19             0      2.0000000000000004e+00 
      19      19             2      9.9999999999999967e-01 
      19      19             5      1.0000000000000000e+00 
      19      19            12     -9.9999999999999967e-01 
      19      19            19     -9.9999999999999978e-01 
      19      19            24      9.9999999999999956e-01 
      19      19            13      1.9999999999999993e+00 
      19      19            25      1.9999999999999996e+00 
      19      19            27      9.9999999999999956e-01 
      19      19            10      1.0000000000000000e+00 
      19      20             4     -1.4142135623730945e+00 
      20       4            37      1.0000000000000002e+00 
      20       5            34     -1.4142135623730947e+00 
      20       6            19      1.0000000000000002e+00 
      20       9            41     -1.7320508075688750e+00 
      20       9            35      1.7320508075688750e+00 
      20      10            44      1.4142135623730949e+00 
      20      11            41     -9.9999999999999956e-01 
      20      11            35     -9.9999999999999956e-01 
      20      12            23      1.4142135623730949e+00 
      20      13             6     -1.4142135623730943e+00 
      20      13            39      1.4142135623730943e+00 
      20      13            33     -2.8284271247461885e+00 
      20      13            31     -1.4142135623730940e+00 
      20      14             3     -1.4142135623730945e+00 
      20      14            21      1.4142135623730945e+00 
      20      14            18     -2.8284271247461890e+00 
      20      14            16     -1.4142135623730943e+00 
      20      15            45      1.0000000000000002e+00 
      20      16            42     -1.4142135623730947e+00 
      20      17            24      1.0000000000000002e+00 
      20      18             7     -1.4142135623730945e+00 
      20      18            32      1.4142135623730945e+00 
      20      18            38     -2.8284271247461890e+00 
      20      18            40     -1.4142135623730943e+00 
      20      19             4     -1.4142135623730949e+00 
      20      19            17      1.4142135623730947e+00 
      20      19            20     -2.8284271247461894e+00 
      20      19            22     -1.4142135623730945e+00 
      20      20             0      2.0000000000000004e+00 
      20      20             2      2.0000000000000004e+00 
      20      20            12     -2.0000000000000004e+00 
      20      20            13      4.0000000000000009e+00 
      20      20            10      1.0000000000000000e+00 
      20      20            15      1.0000000000000000e+00 
