 CSF List 
["e", "e", "f", "f"]
["e", "u", "d", "f"]
["e", "u", "f", "d"]
["e", "f", "e", "f"]
["e", "f", "u", "d"]
["e", "f", "f", "e"]
["u", "e", "d", "f"]
["u", "e", "f", "d"]
["u", "u", "d", "d"]
["u", "d", "e", "f"]
["u", "d", "u", "d"]
["u", "d", "f", "e"]
["u", "f", "e", "d"]
["u", "f", "d", "e"]
["f", "e", "e", "f"]
["f", "e", "u", "d"]
["f", "e", "f", "e"]
["f", "u", "e", "d"]
["f", "u", "d", "e"]
["f", "f", "e", "e"]
 Energy Expression 
       I       J       pqrs     Coef 
       1       1             5      2.0000000000000004e+00 
       1       1             9      2.0000000000000004e+00 
       1       2             4     -1.4142135623730949e+00 
       1       3             7     -1.4142135623730945e+00 
       1       7             3     -1.4142135623730945e+00 
       1       8             6     -1.4142135623730943e+00 
       2       1             4     -1.4142135623730945e+00 
       2       2             2      9.9999999999999967e-01 
       2       2             5      1.0000000000000000e+00 
       2       2             9      2.0000000000000004e+00 
       2       3             8     -9.9999999999999933e-01 
       2       4             4     -1.4142135623730945e+00 
       2       5             7     -9.9999999999999967e-01 
       2       7             1      9.9999999999999967e-01 
       2       9             6     -1.2247448713915878e+00 
       2      10             3      9.9999999999999900e-01 
       2      11             6      7.0710678118654702e-01 
       3       1             7     -1.4142135623730940e+00 
       3       2             8     -9.9999999999999956e-01 
       3       3             2      9.9999999999999967e-01 
       3       3             5      1.9999999999999996e+00 
       3       3             9      1.0000000000000000e+00 
       3       5             4     -9.9999999999999967e-01 
       3       6             7     -1.4142135623730940e+00 
       3       8             1      9.9999999999999967e-01 
       3       9             3      1.2247448713915881e+00 
       3      11             3      7.0710678118654691e-01 
       3      12             6      9.9999999999999878e-01 
       4       2             4     -1.4142135623730949e+00 
       4       4             2      2.0000000000000004e+00 
       4       4             9      2.0000000000000004e+00 
       4       5             8     -1.4142135623730949e+00 
       4      10             1     -1.4142135623730949e+00 
       4      13             6     -1.4142135623730943e+00 
       5       2             7     -9.9999999999999900e-01 
       5       3             4     -9.9999999999999967e-01 
       5       4             8     -1.4142135623730945e+00 
       5       5             2      2.0000000000000004e+00 
       5       5             5      9.9999999999999967e-01 
       5       5             9      1.0000000000000000e+00 
       5       6             8     -1.4142135623730945e+00 
       5      11             1     -1.4142135623730949e+00 
       5      13             3      9.9999999999999956e-01 
       5      14             6      9.9999999999999889e-01 
       6       3             7     -1.4142135623730945e+00 
       6       5             8     -1.4142135623730949e+00 
       6       6             2      2.0000000000000004e+00 
       6       6             5      2.0000000000000004e+00 
       6      12             1     -1.4142135623730949e+00 
       6      14             3     -1.4142135623730945e+00 
       7       1             3     -1.4142135623730940e+00 
       7       2             1      9.9999999999999967e-01 
       7       7             0      9.9999999999999967e-01 
       7       7             5      1.0000000000000000e+00 
       7       7             9      2.0000000000000004e+00 
       7       8             8     -9.9999999999999933e-01 
       7       9             7      1.2247448713915881e+00 
       7      10             4      9.9999999999999956e-01 
       7      11             7      7.0710678118654724e-01 
       7      15             3     -1.4142135623730940e+00 
       7      16             6     -9.9999999999999933e-01 
       8       1             6     -1.4142135623730936e+00 
       8       3             1      9.9999999999999967e-01 
       8       7             8     -9.9999999999999956e-01 
       8       8             0      9.9999999999999967e-01 
       8       8             5      1.9999999999999996e+00 
       8       8             9      1.0000000000000000e+00 
       8       9             4     -1.2247448713915883e+00 
       8      11             4      7.0710678118654713e-01 
       8      12             7      9.9999999999999900e-01 
       8      16             3     -9.9999999999999933e-01 
       8      17             6     -1.4142135623730936e+00 
       9       2             6     -1.2247448713915876e+00 
       9       3             3      1.2247448713915881e+00 
       9       7             7      1.2247448713915874e+00 
       9       8             4     -1.2247448713915876e+00 
       9       9             0      9.9999999999999967e-01 
       9       9             2      1.0000000000000000e+00 
       9       9             5      9.9999999999999956e-01 
       9       9             9      1.0000000000000000e+00 
       9      13             4     -1.2247448713915876e+00 
       9      14             7      1.2247448713915874e+00 
       9      18             3      1.2247448713915881e+00 
       9      19             6     -1.2247448713915876e+00 
      10       2             3      9.9999999999999967e-01 
      10       4             1     -1.4142135623730945e+00 
      10       7             4      9.9999999999999933e-01 
      10      10             0      9.9999999999999967e-01 
      10      10             2      1.0000000000000000e+00 
      10      10             9      2.0000000000000004e+00 
      10      11             8     -1.4142135623730949e+00 
      10      13             7     -9.9999999999999922e-01 
      10      15             1     -1.4142135623730945e+00 
      10      18             6     -9.9999999999999956e-01 
      11       2             6      7.0710678118654680e-01 
      11       3             3      7.0710678118654724e-01 
      11       5             1     -1.4142135623730945e+00 
      11       7             7      7.0710678118654657e-01 
      11       8             4      7.0710678118654702e-01 
      11      10             8     -1.4142135623730945e+00 
      11      11             0      9.9999999999999967e-01 
      11      11             2      1.0000000000000000e+00 
      11      11             5      9.9999999999999967e-01 
      11      11             9      1.0000000000000000e+00 
      11      12             8     -1.4142135623730945e+00 
      11      13             4      7.0710678118654702e-01 
      11      14             7      7.0710678118654657e-01 
      11      16             1     -1.4142135623730945e+00 
      11      18             3      7.0710678118654724e-01 
      11      19             6      7.0710678118654680e-01 
      12       3             6      9.9999999999999956e-01 
      12       6             1     -1.4142135623730945e+00 
      12       8             7      9.9999999999999922e-01 
      12      11             8     -1.4142135623730949e+00 
      12      12             0      9.9999999999999967e-01 
      12      12             2      1.0000000000000000e+00 
      12      12             5      2.0000000000000004e+00 
      12      14             4     -9.9999999999999933e-01 
      12      17             1     -1.4142135623730945e+00 
      12      19             3     -9.9999999999999967e-01 
      13       4             6     -1.4142135623730936e+00 
      13       5             3      9.9999999999999933e-01 
      13       9             4     -1.2247448713915883e+00 
      13      10             7     -9.9999999999999900e-01 
      13      11             4      7.0710678118654713e-01 
      13      13             0      9.9999999999999967e-01 
      13      13             2      1.9999999999999996e+00 
      13      13             9      1.0000000000000000e+00 
      13      14             8      9.9999999999999956e-01 
      13      18             1     -9.9999999999999967e-01 
      13      20             6     -1.4142135623730936e+00 
      14       5             6      9.9999999999999933e-01 
      14       6             3     -1.4142135623730940e+00 
      14       9             7      1.2247448713915881e+00 
      14      11             7      7.0710678118654724e-01 
      14      12             4     -9.9999999999999956e-01 
      14      13             8      9.9999999999999933e-01 
      14      14             0      9.9999999999999967e-01 
      14      14             2      1.9999999999999996e+00 
      14      14             5      1.0000000000000000e+00 
      14      19             1     -9.9999999999999967e-01 
      14      20             3     -1.4142135623730940e+00 
      15       7             3     -1.4142135623730945e+00 
      15      10             1     -1.4142135623730949e+00 
      15      15             0      2.0000000000000004e+00 
      15      15             9      2.0000000000000004e+00 
      15      16             8     -1.4142135623730949e+00 
      15      18             7     -1.4142135623730945e+00 
      16       7             6     -9.9999999999999889e-01 
      16       8             3     -9.9999999999999956e-01 
      16      11             1     -1.4142135623730949e+00 
      16      15             8     -1.4142135623730945e+00 
      16      16             0      2.0000000000000004e+00 
      16      16             5      9.9999999999999967e-01 
      16      16             9      1.0000000000000000e+00 
      16      17             8     -1.4142135623730945e+00 
      16      18             4      9.9999999999999967e-01 
      16      19             7      9.9999999999999900e-01 
      17       8             6     -1.4142135623730943e+00 
      17      12             1     -1.4142135623730949e+00 
      17      16             8     -1.4142135623730949e+00 
      17      17             0      2.0000000000000004e+00 
      17      17             5      2.0000000000000004e+00 
      17      19             4     -1.4142135623730949e+00 
      18       9             3      1.2247448713915881e+00 
      18      10             6     -9.9999999999999878e-01 
      18      11             3      7.0710678118654691e-01 
      18      13             1     -9.9999999999999967e-01 
      18      15             7     -1.4142135623730940e+00 
      18      16             4      9.9999999999999967e-01 
      18      18             0      2.0000000000000004e+00 
      18      18             2      9.9999999999999967e-01 
      18      18             9      1.0000000000000000e+00 
      18      19             8      9.9999999999999956e-01 
      18      20             7     -1.4142135623730940e+00 
      19       9             6     -1.2247448713915878e+00 
      19      11             6      7.0710678118654702e-01 
      19      12             3     -9.9999999999999900e-01 
      19      14             1     -9.9999999999999967e-01 
      19      16             7      9.9999999999999967e-01 
      19      17             4     -1.4142135623730945e+00 
      19      18             8      9.9999999999999933e-01 
      19      19             0      2.0000000000000004e+00 
      19      19             2      9.9999999999999967e-01 
      19      19             5      1.0000000000000000e+00 
      19      20             4     -1.4142135623730945e+00 
      20      13             6     -1.4142135623730943e+00 
      20      14             3     -1.4142135623730945e+00 
      20      18             7     -1.4142135623730945e+00 
      20      19             4     -1.4142135623730949e+00 
      20      20             0      2.0000000000000004e+00 
      20      20             2      2.0000000000000004e+00 
